# 1D Symmetric Diblock Copolymer SCFT - Lamellar Phase
# N=30, f_A=0.666667, chi=1.7, chiN=51.0, kappa=20.0, rho0=1.0
# L=30.0, ngrid=1501, n_chains=1.0
# converged=true, iter=11885, error=9.972857601958651e-7
# Free energy H=8.006184197454926
# Columns: z  rho_A  rho_B  rho_total
0.0	1.0067691582867098	0.0035351969136831335	1.010304355200393
0.02	1.0067585933784384	0.0035482497493812375	1.0103068431278197
0.04	1.006737401536276	0.003574393073260873	1.0103117946095368
0.06	1.006705458612848	0.003613702279629676	1.0103191608924778
0.08	1.0066625781561869	0.003666290684600469	1.0103288688407874
0.1	1.0066085111294076	0.0037323097998842127	1.010340820929292
0.12	1.006542945532085	0.0038119497041200195	1.010354895236205
0.14	1.0064655059185637	0.0039054395179056924	1.0103709454364693
0.16	1.0063757528076969	0.00401304798941545	1.0103888007971122
0.18	1.0062731819773512	0.004135084199144931	1.0104082661764962
0.2	1.0061572236355514	0.004271898393888512	1.01042912202944
0.22	1.006027241458716	0.0044238829616238965	1.0104511244203398
0.24	1.005882531486601	0.004591473560045411	1.0104740050466463
0.26	1.0057223208617718	0.004775150413469321	1.0104974712752413
0.28	1.005545766399511	0.004975439794507534	1.0105212061940185
0.3	1.0053519529733763	0.005192915708071415	1.0105448686814478
0.32	1.0051398916991545	0.00542820179734792	1.0105680934965025
0.34	1.004908517898492	0.005681973493015172	1.0105904913915071
0.36	1.0046566888209982	0.005954960429256543	1.0106116492502548
0.38	1.0043831811022839	0.0062479491513883646	1.0106311302536721
0.4	1.0040866879325105	0.006561786142602947	1.0106484740751136
0.42	1.003765815907106	0.006897381199966204	1.010663197107072
0.44	1.0034190815294017	0.00725571119162	1.0106747927210218
0.46	1.0030449073314496	0.007637824230219394	1.0106827315616689
0.48	1.0026416175748538	0.008044844301715441	1.0106864618765692
0.5	1.00220743349163	0.008477976390288255	1.0106854098819182
0.52	1.0017404680180493	0.008938512146633706	1.010678980164683
0.54	1.001238719972138	0.009427836149016839	1.0106665561211547
0.56	1.00070006761767	0.009947432813619038	1.0106475004312891
0.58	1.0001222615521792	0.010498894015908249	1.0106211555680875
0.6	0.9995029168489287	0.011083927491701938	1.0105868443406305
0.62	0.9988395043734687	0.011704366095442193	1.010543870468911
0.64	0.998129341186855	0.012362178001626242	1.0104915191884813
0.66	0.9973695799344608	0.01305947794744813	1.010429057881909
0.68	0.9965571971074086	0.013798539626760708	1.0103557367341693
0.7	0.9956889800472036	0.014581809360912617	1.0102707894081162
0.72	0.9947615125455465	0.01541192119040296	1.0101734337359494
0.74	0.9937711588708346	0.016291713551122296	1.010062872421957
0.76	0.992714046028143	0.01722424772324163	1.0099382937513846
0.78	0.9915860440260557	0.018212828273389454	1.009798872299445
0.8	0.9903827438952622	0.019261025738996875	1.009643769634259
0.82	0.9890994331544427	0.02037270185199737	1.0094721350064402
0.84	0.9877310683750713	0.02155203764246324	1.0092831060175345
0.86	0.9862722444357102	0.022803564823132547	1.0090758092588428
0.88	0.9847171599842718	0.024132200926642377	1.0088493609109142
0.9	0.9830595785416197	0.02554328875159262	1.0086028672932124
0.92	0.9812927845773582	0.027042640774918122	1.0083354253522763
0.94	0.9794095337621976	0.028636589313085936	1.0080461230752835
0.96	0.9774019964502071	0.030332043364371807	1.0077340398145789
0.98	0.9752616932477062	0.032136553258492725	1.0073982465061988
1.0	0.9729794213109437	0.034058384453703794	1.0070378057646474
1.02	0.9705451697062336	0.036106602125675846	1.0066517718319095
1.04	0.9679480218250354	0.03829116853218967	1.006239190357225
1.06	0.9651760423857556	0.04062305559383178	1.0057990979795874
1.08	0.9622161459867346	0.04311437569424517	1.0053305216809798
1.1	0.9590539434539447	0.04577853441968657	1.0048324778736313
1.12	0.9556735612857862	0.04863040989209215	1.0043039711778783
1.14	0.9520574283038349	0.05168656453714989	1.0037439928409848
1.16	0.948186022036938	0.05496549670151869	1.0031515187384568
1.18	0.9440375652996977	0.058487941590587386	1.0025255068902852
1.2	0.9395876606676083	0.062277233746184255	1.0018648944137927
1.22	0.9348088468539408	0.06635974696991212	1.001168593823853
1.24	0.9296700559834188	0.07076543259851406	1.0004354885819329
1.26	0.9241359439017073	0.07552848388930448	0.9996644277910117
1.28	0.9181660561727627	0.0806881637685365	0.9988542199412992
1.3	0.9117137789107979	0.0862898467194312	0.998003625630229
1.32	0.9047250037311221	0.09238634546808808	0.9971113491992102
1.34	0.8971364058157222	0.0990396234013376	0.9961760292170598
1.36	0.888873188449942	0.10632303931499035	0.9951962277649323
1.38	0.8798460831250667	0.11432433582778942	0.9941704189528562
1.4	0.8699473095587055	0.12314966931801898	0.9930969788767244
1.42	0.8590450642007217	0.1329291178628487	0.9919741820635704
1.44	0.8469758014811415	0.1438244082543894	0.9908002097355308
1.46	0.8335329837837647	0.15604018990203672	0.9895731736858014
1.48	0.8184503377275377	0.16984084432873134	0.9882911820562691
1.5	0.8013769038800577	0.18557563092163745	0.9869525348016951
1.52	0.7818380721465518	0.20371809664995133	0.9855561687965031
1.54	0.7591708597523511	0.2249317306868777	0.9841025904392288
1.56	0.7324153575496262	0.25018075728975203	0.9825961148393783
1.58	0.7001333788039049	0.2809172244957838	0.9810506032996887
1.6	0.660115300620373	0.31938913921156326	0.9795044398319364
1.62	0.6091033187287532	0.3689585362790069	0.9780618550077601
1.64	0.543868026046685	0.43312231505940246	0.9769903411060875
1.66	0.4681241142606954	0.5086342588730702	0.9767583731337657
1.68	0.39751682075403694	0.5800077308255456	0.9775245515795825
1.7	0.34162692619811574	0.6372381372797711	0.9788650634778868
1.72	0.29869633807702056	0.6817048682281546	0.9804012063051751
1.74	0.26494229193013036	0.7170266250033895	0.98196891693352
1.76	0.23760939109552548	0.7458981474544103	0.9835075385499358
1.78	0.21491729393334968	0.7700777801748538	0.9849950741082035
1.8	0.19570327170268748	0.7907208852968357	0.9864241569995231
1.82	0.1791806688877729	0.8086125422339241	0.9877932111216969
1.84	0.16479797656099027	0.8243049816407366	0.9891029582017269
1.86	0.15215502626639107	0.8382000022749374	0.9903550285413285
1.88	0.14095261081662216	0.85059875920117	0.9915513700177921
1.9	0.13096163134330197	0.8617323305882753	0.9926939619315772
1.92	0.12200302325772204	0.8717816716936175	0.9937846949513396
1.94	0.11393417615714044	0.8808911591561309	0.9948253353132713
1.96	0.10663967645099047	0.8891778400023111	0.9958175164533016
1.98	0.10002486168993734	0.8967378787869211	0.9967627404768584
2.0	0.0940111837626858	0.9036512024098724	0.9976623861725582
2.02	0.08853279129154558	0.9099849290785211	0.9985177203700667
2.04	0.08353397262564397	0.9157959370605581	0.9993299096862021
2.06	0.07896721802717072	0.9211328131884511	1.0001000312156219
2.08	0.07479173104642116	0.9260373507701027	1.000829081816524
2.1	0.07097226939943281	0.9305457166483225	1.0015179860477554
2.12	0.06747823126526839	0.9346893716231749	1.0021676028884432
2.14	0.06428292725716905	0.9384958041136394	1.0027787313708085
2.16	0.06136299486109176	0.9419891203898311	1.0033521152509228
2.18	0.05869792352753645	0.9451905233115543	1.0038884468390907
2.2	0.056269666638333694	0.9481187034677161	1.0043883701060499
2.22	0.054062322361960034	0.950790160810612	1.004852483172572
2.24	0.05206186965819418	0.9532194706204429	1.0052813402786371
2.26	0.05025594883965486	0.9554195044778607	1.0056754533175156
2.28	0.048633678458280205	0.957401614550465	1.0060352930087453
2.3	0.04718550207045671	0.9591757877043663	1.006361289774823
2.32	0.04590305980408463	0.960750774573037	1.0066538343771216
2.34	0.04477908070014993	0.962134197659452	1.006913278359602
2.36	0.043807292632029336	0.9633326417095724	1.0071399343416019
2.38	0.042982347245762303	0.964351728949906	1.0073340761956682
2.4	0.04229975788904659	0.9651961812516598	1.0074959391407063
2.42	0.04175584891390719	0.9658698708620015	1.0076257197759086
2.44	0.04134771506832859	0.9663758610092243	1.007723576077553
2.46	0.04107318999507866	0.9667164373802469	1.0077896273753255
2.48	0.04093082307929478	0.9668931312432596	1.0078239543225544
2.5	0.04091986410901227	0.966906734760998	1.0078265988700101
2.52	0.041040255393422514	0.9667573088570962	1.0077975642505188
2.54	0.041292631155873324	0.9664441838219574	1.0077368149778307
2.56	0.041678324195852386	0.9659659526637833	1.0076442768596356
2.58	0.04219937996303349	0.9653204570593087	1.0075198370223422
2.6	0.042858578370188236	0.9645047655708825	1.0073633439410707
2.62	0.0436594638592608	0.9635151436055354	1.0071746074647963
2.64	0.04460638442202773	0.9623470144024664	1.006953398824494
2.66	0.045704540534968786	0.9609949100715713	1.00669945060654
2.68	0.0469600452295372	0.9594524114415636	1.0064124566711008
2.7	0.04837999685173498	0.9577120751388043	1.0060920719905393
2.72	0.049972566473336574	0.9557653459047959	1.0057379123781325
2.74	0.05174710241239348	0.9536024516598473	1.0053495540722408
2.76	0.05371425494045534	0.9512122781953086	1.004926533135764
2.78	0.055886125054328925	0.9485822195690571	1.004468344623386
2.8	0.05827644219127471	0.9456979992711577	1.0039744414624325
2.82	0.0609007770821316	0.942543455902011	1.0034442329841426
2.84	0.06377679763881516	0.9391002853941492	1.0028770830329643
2.86	0.06692457802885024	0.9353477295415411	1.0022723075703914
2.88	0.07036697408838966	0.9312621975903088	1.0016291716786985
2.9	0.07413008225758581	0.9268168036012132	1.000946885858799
2.92	0.07824380472880017	0.9219807967775936	1.0002246015063938
2.94	0.08274255108687022	0.9167188543584389	0.9994614054453091
2.96	0.08766611743207406	0.9109901959628774	0.9986563133949515
2.98	0.09306079942329386	0.9047474628251703	0.9978082622484641
3.0	0.0989808183975892	0.8979352826425304	0.9969161010401196
3.02	0.10549017324419263	0.8904884072821009	0.9959785805262935
3.04	0.11266507902204098	0.8823292625584631	0.994994341580504
3.06	0.12059722176875332	0.8733646817125389	0.9939619034812922
3.08	0.12939816445451355	0.8634814903103887	0.9928796547649023
3.1	0.13920543539557226	0.852540415076514	0.9917458504720863
3.12	0.15019120451817994	0.840367415079718	0.9905586195978979
3.14	0.16257499808538606	0.8267409963276073	0.9893159944129934
3.16	0.17664255188660705	0.8113734548764286	0.9880160067630357
3.18	0.19277445379052222	0.793882484179744	0.9866569379702663
3.2	0.2114922139945341	0.773745637880742	0.9852378518752761
3.22	0.23353505622787957	0.7502247380155662	0.9837597942434457
3.24	0.2599897851298417	0.7222389619159557	0.9822287470457974
3.26	0.2925112718032498	0.6881519358274565	0.9806632076307062
3.28	0.3336667913183974	0.6454476501931874	0.9791144415115848
3.3	0.38712767045935303	0.5905942576032616	0.9777219280626146
3.32	0.455521778549355	0.5213023015679067	0.9768240801172616
3.34	0.5316366635778128	0.4452436822729654	0.9768803458507782
3.36	0.5992479908131128	0.3785982501460471	0.9778462409591598
3.38	0.65246506938477	0.3267867995736227	0.9792518689583927
3.4	0.6940636606136515	0.2867271558947968	0.9807908165084483
3.42	0.727457465536484	0.2548826840580616	0.9823401495945456
3.44	0.7550193703391963	0.22883514400299765	0.983854514342194
3.46	0.7782922925713657	0.20702509143058523	0.9853173840019509
3.48	0.7983008398140239	0.18842255517183826	0.9867233949858621
3.5	0.8157488145452056	0.17232281770590457	0.9880716322511103
3.52	0.8311367771117811	0.1582262019355156	0.9893629790472968
3.54	0.8448329738885204	0.14576608800131324	0.9905990618898337
3.56	0.8571158416827755	0.13466591950529516	0.9917817611880707
3.58	0.8682005847020854	0.1247123898051457	0.9929129745072311
3.6	0.8782570126079221	0.11573752125774277	0.9939945338656648
3.62	0.8874216050891977	0.10760657545375903	0.9950281805429567
3.64	0.8958057233624998	0.10020983210065657	0.9960155554631563
3.66	0.9035014168028124	0.09345678372880203	0.9969582005316144
3.68	0.9105856676906343	0.08727189996884543	0.9978575676594797
3.7	0.9171235420802265	0.0815914881735554	0.9987150302537819
3.72	0.9231705545222464	0.07636133969380518	0.9995318942160516
3.74	0.9287744680634626	0.07153493964001177	1.0003094077034744
3.76	0.933976685851417	0.06707208382899066	1.0010487696804078
3.78	0.93881334229306	0.06293779507245517	1.0017511373655152
3.8	0.9433161688903411	0.0591014637547127	1.0024176326450538
3.82	0.9475131884198174	0.055536159107399334	1.0030493475272166
3.84	0.9514292766969166	0.05221807203114133	1.003647348728058
3.86	0.9550866211347864	0.0491260603552822	1.0042126814900685
3.88	0.9585050980900797	0.04624127464235963	1.0047463727324393
3.9	0.9617025857154282	0.04354684790788969	1.005249433623318
3.92	0.96469522516944	0.041027636485517605	1.0057228616549576
3.94	0.9674976401191024	0.03867000217102817	1.0061676422901307
3.96	0.970123122326047	0.036461627914709145	1.006584750240756
3.98	0.9725837894315886	0.03439136099720357	1.0069751504287923
4.0	0.9748907198321273	0.03244907884289264	1.0073397986750199
4.02	0.9770540685243583	0.03062557362774366	1.007679642152102
4.04	0.9790831670823088	0.028912452553685755	1.0079956196359945
4.06	0.9809866103028917	0.027302051280144023	1.0082886615830358
4.08	0.9827723316164608	0.02578735844196245	1.0085596900584233
4.1	0.9844476689598688	0.0243619495768018	1.0088096185366706
4.12	0.9860194225323906	0.023019929061333766	1.0090393515937244
4.14	0.9874939056034501	0.021755878903742375	1.0092497845071924
4.16	0.9888769893504067	0.02056481342931714	1.0094418027797238
4.18	0.9901741425445719	0.0194421390541848	1.0096162815987568
4.2	0.9913904667745128	0.018383618470013165	1.009774085244526
4.22	0.992530727790569	0.017385338666680638	1.0099160664572495
4.24	0.9935993834623879	0.016443682310579855	1.0100430657729678
4.26	0.9946006087700651	0.015555302066750678	1.0101559108368157
4.28	0.9955383181922783	0.014717097509715128	1.0102554157019934
4.3	0.9964161857933612	0.013926194327773096	1.0103423801211344
4.32	0.9972376632811087	0.01317992555597986	1.0104175888370885
4.34	0.9980059962612061	0.012475814617575432	1.0104818108787816
4.36	0.9987242388863086	0.011811559981144828	1.0105357988674535
4.38	0.999395267076481	0.011185021261769111	1.01058028833825
4.4	1.0000217904578657	0.010594206623388079	1.0106159970812538
4.42	1.0006063631534021	0.010037261352315833	1.010643624505718
4.44	1.0011513935421565	0.00951245748864163	1.0106638510307981
4.46	1.001659153088459	0.0090181844170865	1.0106773375055456
4.48	1.0021317843323918	0.008552940328050415	1.0106847246604422
4.5	1.0025713081209242	0.008115324471370255	1.0106866325922945
4.52	1.002979630152313	0.007704030131636825	1.01068366028395
4.54	1.0033585468971855	0.007317838262576749	1.0106763851597622
4.56	1.0037097509535284	0.006955611723786557	1.010665362677315
4.58	1.0040348358875624	0.006616290068053537	1.010651125955616
4.6	1.004335300606505	0.006298884832944761	1.0106341854394498
4.62	1.0046125533052086	0.0060024752940638585	1.0106150285992725
4.64	1.0048679150250375	0.005726204640729262	1.0105941196657668
4.66	1.0051026228587807	0.00546927653884482	1.0105718993976256
4.68	1.005317832833263	0.005230952047926521	1.0105487848811896
4.7	1.0055146224979208	0.005010546862023178	1.010525169359944
4.72	1.005693993244994	0.004807428846977753	1.0105014220919717
4.74	1.0058568723847547	0.004621015848276239	1.010477888233031
4.76	1.0060041149969576	0.0044507737460129015	1.0104548887429705
4.78	1.0061365055778757	0.004296214735098269	1.010432720312974
4.8	1.0062547594997902	0.004156895811308093	1.0104116553110982
4.82	1.0063595242990102	0.004032417444568006	1.0103919417435783
4.84	1.0064513808060649	0.003922422423287471	1.0103738032293523
4.86	1.0065308441304492	0.0038265948549221695	1.0103574389853713
4.88	1.0065983645110235	0.003744659309268658	1.0103430238202922
4.9	1.0066543280415796	0.003676380092842587	1.0103307081344222
4.92	1.0066990572798407	0.0036215606439600964	1.0103206179238007
4.94	1.0067328117467045	0.0035800430399463294	1.010312854786651
4.96	1.0067557883219598	0.003551707608723637	1.0103074959306835
4.98	1.0067681215405841	0.003536472639205268	1.0103045941797895
5.0	1.0067698837934873	0.0035342941858633042	1.0103041779793507
5.02	1.0067610854348683	0.0035451659643430337	1.0103062513992114
5.04	1.006741674797611	0.003569119336568927	1.01031079413418
5.06	1.0067115381165872	0.003606223385211569	1.0103177615017989
5.08	1.006670499359461	0.0036565850783251536	1.0103270844377863
5.1	1.006618319962508	0.0037203495271654714	1.0103386694896734
5.12	1.0065546984686535	0.0037977003409492985	1.0103523988096028
5.14	1.0064792700632788	0.0038888600841391844	1.0103681301474179
5.16	1.006391606002643	0.003994090842952724	1.0103856968455958
5.18	1.0062912129280883	0.004113694909623318	1.0104049078377115
5.2	1.0061775320583526	0.004248015594057092	1.0104255476524098
5.22	1.0060499382508035	0.004397438174261648	1.0104473764250652
5.24	1.0059077389210465	0.004562390998296727	1.0104701299193433
5.26	1.0057501728092102	0.004743346752027166	1.0104935195612375
5.28	1.0055764085793124	0.00494082390866423	1.0105172324879765
5.3	1.0053855432365781	0.005155388377786481	1.0105409316143645
5.32	1.0051766003465172	0.005387655372644857	1.010564255719162
5.34	1.0049485280364254	0.005638291517504177	1.0105868195539296
5.36	1.004700196759608	0.0059080172171430915	1.0106082139767512
5.38	1.004430396799203	0.006197609313996512	1.0106280061131996
5.4	1.004137835486703	0.0065079040597732785	1.0106457395464763
5.42	1.0038211341079009	0.006839800430922199	1.010660934538823
5.44	1.0034788244661201	0.007194263819594248	1.0106730882857144
5.46	1.0031093450689028	0.007572330135351519	1.0106816752042542
5.48	1.0027110369019907	0.007975110354886947	1.0106861472568776
5.5	1.0022821387498673	0.00840379556117957	1.0106859343110468
5.52	1.0018207820176903	0.00885966251762709	1.0106804445353175
5.54	1.0013249850055335	0.0093440798262962	1.0106690648318297
5.56	1.0007926465786487	0.009858514726073835	1.0106511613047227
5.58	1.0002215391734879	0.010404540590286629	1.0106260797637745
5.6	0.9996093010688925	0.01098384519297106	1.0105931462618636
5.62	0.9989534278469658	0.011598239817770837	1.0105516676647366
5.64	0.9982512629547866	0.012249669295953891	1.0105009322507406
5.66	0.9974999872705288	0.012940223067573973	1.0104402103381027
5.68	0.9966966075616845	0.013672147374865261	1.0103687549365499
5.7	0.9958379437084913	0.014447858711135495	1.0102858024196268
5.72	0.99492061455051	0.015269958663415314	1.0101905732139254
5.74	0.9939410221879311	0.016141250312291956	1.010082272500223
5.76	0.9928953345510275	0.017064756370701057	1.0099600909217286
5.78	0.9917794660168476	0.01804373927664371	1.0098232052934915
5.8	0.9905890558235797	0.019081723483310078	1.0096707793068898
5.82	0.9893194439837045	0.020182520238143407	1.009501964221848
5.84	0.9879656443621825	0.021350255177365978	1.0093158995395484
5.86	0.9865223145125809	0.022589399134102076	1.009111713646683
5.88	0.9849837218109502	0.023904802611379998	1.0088885244223302
5.9	0.9833437053289416	0.0253017344676734	1.008645439796615
5.92	0.9815956328021652	0.026785925447948573	1.0083815582501139
5.94	0.9797323519151618	0.028363617325622745	1.0080959692407845
5.96	0.9777461349874439	0.030041618556997485	1.0077877535444413
5.98	0.9756286159520418	0.031827367540218976	1.0074559834922607
6.0	0.973370718307677	0.033729004779913405	1.0070997230875904
6.02	0.9709625724340354	0.03575545554685697	1.0067180279808923
6.04	0.968393420326828	0.03791652495285658	1.0063099452796846
6.06	0.9656515053655409	0.04022300780041358	1.0058745131659546
6.08	0.9627239441902233	0.04268681610020805	1.0054107602904314
6.1	0.9595965770498514	0.04532112785689095	1.0049177049067424
6.12	0.9562537921182246	0.04814056158641353	1.004394353704638
6.14	0.9526783180876361	0.051161382204685364	1.0038397002923216
6.16	0.9488509778787224	0.05440174539342646	1.0032527232721489
6.18	0.9447503943043424	0.057881989538625556	1.0026323838429678
6.2	0.9403526359110206	0.06162498694192714	1.0019776228529478
6.22	0.9356307876995215	0.06565656951581911	1.0012873572153405
6.24	0.9305544266647947	0.07000604892509575	1.0005604755898905
6.26	0.9250889755919037	0.07470685763472329	0.999795833226627
6.28	0.9191948995613611	0.07979734631260234	0.9989922458739635
6.3	0.9128266969290855	0.08532178574204906	0.9981484826711345
6.32	0.9059316179867452	0.09133163997991121	0.9972632579666564
6.34	0.8984480164275129	0.09788720557796579	0.9963352220054787
6.36	0.8903031959879064	0.10505975444176008	0.9953629504296665
6.38	0.8814105532329825	0.11293437963186181	0.9943449328648443
6.4	0.8716657358470891	0.12161382647708305	0.9932795623241721
6.42	0.8609414144962174	0.1312237155336557	0.992165130029873
6.44	0.8490800082709418	0.14191982336766756	0.9909998316386093
6.46	0.8358831620356024	0.1538986266888961	0.9897817887244985
6.48	0.8210960815367893	0.16741302177085896	0.9885091033076482
6.5	0.8043841683842103	0.1827958520663588	0.9871800204505692
6.52	0.7852970157441509	0.20049630558390624	0.9857933213280572
6.54	0.7632091022665873	0.22114004149747918	0.9843491437640666
6.56	0.73722009426638	0.24563080515582622	0.9828508994222063
6.58	0.7059883999536127	0.275321777109695	0.9813101770633077
6.6	0.6674598752539231	0.31229964237313307	0.9797595176270562
6.62	0.6185466101259618	0.35974048662170943	0.9782870967476712
6.64	0.555763674336538	0.4213607104815448	0.9771243848180827
6.66	0.4808930470279291	0.4958293382975409	0.9767223853254701
6.68	0.40834479866293194	0.5689979578883443	0.9773427565512762
6.7	0.3499490460843373	0.6286716114092419	0.9786206574935792
6.72	0.30513342623170264	0.675006503777621	0.9801399300093236
6.74	0.2700712003716036	0.7116370437458677	0.9817082441174713
6.76	0.24181094913016413	0.7414429453630104	0.9832538944931745
6.78	0.2184376450329854	0.7663130829381055	0.984750727971091
6.8	0.1987057801619618	0.7874839929429557	0.9861897731049175
6.82	0.1817774655803977	0.8057913640566321	0.9875688296370297
6.84	0.1670687850446454	0.8218195895176656	0.988888374562311
6.86	0.1541585110465432	0.8359914294306218	0.990149940477165
6.88	0.14273315439533987	0.8486222918474251	0.991355446242765
6.9	0.13255354021826082	0.8599533369029202	0.992506877121181
6.92	0.12343334590288253	0.8701727961261262	0.9936061420290088
6.94	0.11522462132430623	0.8794304071903996	0.9946550285147058
6.96	0.10780792441297794	0.8878472676922384	0.9956551921052164
6.98	0.10108549009443202	0.8955226663476814	0.9966081564421134
7.0	0.09497634402700753	0.9025389762097915	0.997515320236799
7.02	0.08941271200802997	0.9089652562169276	0.9983779682249576
7.04	0.08433733842728011	0.9148599445596746	0.9991972829869546
7.06	0.07970145820242594	0.9202728976750713	0.9999743558774972
7.08	0.0754632424499205	0.9252469541097756	1.000710196559696
7.1	0.07158659095800363	0.9298191502037217	1.0014057411617254
7.12	0.06804018221686903	0.9340216769732395	1.0020618591901085
7.14	0.06479671777929046	0.9378826415551319	1.0026793593344223
7.16	0.06183231539517042	0.9414266788943033	1.0032589942894736
7.18	0.059126017471047725	0.944675447246439	1.0038014647174867
7.2	0.05665938991472416	0.9476480325530438	1.004307422467768
7.22	0.05441619254470768	0.950361280617462	1.0047774731621697
7.24	0.052382106695568066	0.9528300715496569	1.005212178245225
7.26	0.05054450896791905	0.9550675476175592	1.0056120565854783
7.28	0.04889228254109873	0.9570853031629646	1.0059775857040634
7.3	0.047415659334712056	0.9588935433621375	1.0063092026968496
7.32	0.04610608774144669	0.9605012171655232	1.00660730490697
7.34	0.04495612174176748	0.9619161286558674	1.0068722503976348
7.36	0.04395932808132599	0.963145030186261	1.007104358267587
7.38	0.043110208860984545	0.9641936999846377	1.0073039088456222
7.4	0.042404137417541815	0.9650670063786624	1.0074711437962043
7.42	0.04183730582576163	0.965768960335863	1.0076062661616247
7.44	0.04140668268282956	0.9663027576808315	1.007709440363661
7.46	0.04110998014422427	0.9666708120381114	1.0077807921823356
7.48	0.04094562942346544	0.9668747793026928	1.0078204087261582
7.5	0.0409127641744914	0.9669155742306131	1.0078283384051046
7.52	0.041011211385030284	0.9667933795277965	1.0078045909128268
7.54	0.04124148956102837	0.9665076476620622	1.0077491372230907
7.56	0.04160481416776832	0.9660570954329329	1.0076619096007013
7.58	0.04210311045061775	0.965439691173921	1.0075428016245387
7.6	0.04273903392779112	0.9646526342893953	1.0073916682171864
7.62	0.04351599903397273	0.9636923266378834	1.007208325671856
7.64	0.04443821658784585	0.9625543350765686	1.0069925516644145
7.66	0.045510740996773776	0.9612333442370946	1.0067440852338685
7.68	0.04673952837051164	0.9597230983410283	1.00646262671154
7.7	0.04813150703951642	0.9580163305353355	1.006147837574852
7.72	0.04969466236691059	0.9561046778295579	1.0057993401964684
7.74	0.05143813821910241	0.9539785792362117	1.0054167174553141
7.76	0.053372358061445115	0.9516271541083892	1.0049995121698343
7.78	0.05550916940786312	0.9490380568996486	1.0045472263075117
7.8	0.057862016319407725	0.9461973035980873	1.004059319917495
7.82	0.06044614590170754	0.9430890638231161	1.0035352097248236
7.84	0.06327885638076669	0.9396954109346292	1.0029742673153959
7.86	0.06637979648805648	0.935996020342107	1.0023758168301635
7.88	0.06977132874302167	0.9319678033327763	1.001739132075798
7.9	0.07347897305588968	0.9275844598919553	1.001063432947845
7.92	0.07753195229825013	0.9228159287537868	1.000347881052037
7.94	0.08196386867273893	0.9176277057304357	0.9995915744031747
7.96	0.08681354980859843	0.9119799912701643	0.9987935410787627
7.98	0.09212611802508527	0.9058266136787196	0.9979527317038049
8.0	0.09795435747900744	0.8991136531654945	0.997068010644502
8.02	0.10436048539278078	0.8917776604247224	0.9961381458175032
8.04	0.11141847905358078	0.8837433181874118	0.9951617972409926
8.06	0.11921717468682799	0.8749203305227546	0.9941375052095827
8.08	0.12786445089378687	0.8651992296114714	0.9930636805052583
8.1	0.1374929844122833	0.8544456160154985	0.9919386004277818
8.12	0.14826840686990703	0.8424920074587139	0.9907604143286209
8.14	0.1604012190829629	0.8291259483327834	0.9895271674157463
8.16	0.17416443640524237	0.8140724440038645	0.9882368804091068
8.18	0.18992021783164334	0.796967548389839	0.9868877662214823
8.2	0.20816230391860518	0.777316395255626	0.9854786991742313
8.22	0.22958655743053272	0.7544236928975594	0.9840102503280921
8.24	0.2552098401179985	0.7272773834467746	0.9824872235647731
8.26	0.2865709425143484	0.6943542197176731	0.9809251622320214
8.28	0.3260574427585523	0.6533099679964154	0.9793674107549677
8.3	0.3771879152912873	0.6007443175000112	0.9779322327912985
8.32	0.4431830973183639	0.5337346363167305	0.9769177336350944
8.34	0.519143310125224	0.4576535823686141	0.976796892493838
8.36	0.5889851573039211	0.38865728521689297	0.9776424425208141
8.38	0.6445007623760318	0.3345020958896091	0.9790028582656409
8.4	0.687775030937091	0.2927564014012019	0.980531432338293
8.42	0.7223449088403331	0.2597385191871478	0.9820834280274808
8.44	0.7507548150785578	0.2328504456833716	0.9836052607619294
8.46	0.774660973007494	0.21041631043688033	0.9850772834443744
8.48	0.7951580698793758	0.19133484274591128	0.986492912625287
8.5	0.8129937712450064	0.17485697844656206	0.9878507496915685
8.52	0.8286966985545186	0.16045478195769927	0.9891514805122178
8.54	0.842653633757795	0.14774301780166135	0.9903966515594563
8.56	0.8551558128807668	0.13643230904954823	0.9915881219303151
8.58	0.8664275361939185	0.12630025753331317	0.9927277937272317
8.6	0.8766452070283065	0.11717230483833763	0.9938175118666441
8.62	0.8859502096624009	0.10890882400567285	0.9948590336680737
8.64	0.8944576400067618	0.10139637699892823	0.99585401700569
8.66	0.9022624384721238	0.09454158134845292	0.9968040198205768
8.68	0.9094438562128165	0.08826665203700758	0.9977105082498241
8.7	0.9160687643927896	0.08250610361047772	0.9985748680032673
8.72	0.922194132684631	0.07720428285380139	0.9993984155384324
8.74	0.9278689109685528	0.07231349706090247	1.0001824080294552
8.76	0.9331354804211808	0.06779257168863032	1.0009280521098112
8.78	0.9380307888165172	0.06360572267967972	1.001636511496197
8.8	0.9425872497482023	0.059721663821677276	1.0023089135698795
8.82	0.9468334623920426	0.05611289259325191	1.0029463549852944
8.84	0.9507947931050165	0.05275511328943475	1.0035499063944513
8.86	0.9544938495078044	0.0496267668790064	1.0041206163868108
8.88	0.9579508700941385	0.04670864465050607	1.0046595147446447
8.9	0.9611840468651522	0.0439835682412536	1.005167615106406
8.92	0.9642097943932759	0.04143612272640607	1.005645917119682
8.94	0.9670429756951351	0.03905243246001195	1.006095408155147
8.96	0.96969709300776	0.03681997163486585	1.0065170646426258
8.98	0.9721844498491521	0.03472740323313001	1.006911853082282
9.0	0.9745162894131396	0.03276444136232078	1.0072807307754603
9.02	0.9767029133581767	0.03092173295693746	1.0076246463151142
9.04	0.9787537842352588	0.029190755633224017	1.0079445398684828
9.06	0.9806776142027783	0.027563729078808732	1.008241343281587
9.08	0.9824824421808841	0.026033537849853274	1.0085159800307373
9.1	0.9841757012088026	0.024593663834095586	1.0087693650428982
9.12	0.985764277468445	0.02323812693627872	1.0090024044047237
9.14	0.9872545621776802	0.021961432799312158	1.0092159949769923
9.16	0.9886524973619719	0.02075852656776834	1.0094110239297402
9.18	0.9899636163486297	0.019624751863140704	1.0095883682117703
9.2	0.9911930796919972	0.01855581427455731	1.0097488939665544
9.22	0.9923457071275924	0.017547748777886146	1.0098934559054786
9.24	0.9934260060633049	0.016596890584913544	1.0100228966482185
9.26	0.9944381970397225	0.015699848999587356	1.01013804603931
9.28	0.9953862365284225	0.014853483920441933	1.0102397204488645
9.3	0.996273837384871	0.014054884679975736	1.0103287220648467
9.32	0.9971044872261807	0.013301350957200104	1.010405838183381
9.34	0.9978814649731155	0.01259037553039867	1.0104718405035142
9.36	0.9986078557533304	0.011919628677926557	1.010527484431257
9.38	0.999286564349955	0.011286944048452813	1.0105735083984078
9.4	0.9999203273434123	0.010690305856546841	1.0106106331999591
9.42	1.0005117240857349	0.01012783726852837	1.0106395613542631
9.44	1.00106318662447	0.009597789864691394	1.0106609764891612
9.46	1.0015770086802334	0.00909853407664085	1.010675542756874
9.48	1.0020553537710235	0.008628550509112837	1.0106839042801363
9.5	1.0025002625650248	0.008186422066389537	1.0106866846314144
9.52	1.0029136595350363	0.007770826811716078	1.0106844863467523
9.54	1.0032973589790353	0.00738053149614454	1.0106778904751799
9.56	1.0036530704660342	0.0070143856983512455	1.0106674561643856
9.58	1.0039824037592566	0.006671316523561247	1.0106537202828179
9.6	1.0042868732639896	0.006350323814048833	1.0106371970780383
9.62	1.0045679020425589	0.006050475828180453	1.0106183778707394
9.64	1.0048268254352162	0.005770905348357293	1.0105977307835734
9.66	1.0050648943221099	0.005510806181409832	1.0105757005035196
9.68	1.0052832780572543	0.005269430019031934	1.0105527080762862
9.7	1.0054830671045398	0.005046083626428874	1.0105291507309686
9.72	1.0056652754008786	0.004840126332120958	1.0105054017329995
9.74	1.0058308424707985	0.004650967792283435	1.010481810263082
9.76	1.0059806353136858	0.00447806600618644	1.0104587013198723
9.78	1.006115450083811	0.004320925560123562	1.0104363756439345
9.8	1.0062360135798638	0.004179096080528208	1.010415109660392
9.82	1.0063429845605847	0.004052170877168553	1.0103951554377533
9.84	1.0064369549002623	0.003939785760153691	1.010376740660416
9.86	1.0065184505971017	0.003841618015243558	1.0103600686123453
9.88	1.0065879326451923	0.00375738552430749	1.0103453181695
9.9	1.0066457977802605	0.003686846018613533	1.010332643798874
9.92	1.0066923791076394	0.00362979645439309	1.0103221755620324
9.94	1.0067279466192993	0.003586072501971495	1.0103140191212707
9.96	1.0067527076065519	0.0035555481403091492	1.010308255746861
9.98	1.0067668069725344	0.003538135351396756	1.0103049423239312
10.0	1.0067703274487572	0.003533783909296041	1.0103041113580533
10.02	1.0067632897179002	0.0035424812607513026	1.0103057709786516
10.04	1.0067456524443659	0.003564252495547668	1.0103099049399136
10.06	1.0067173122131214	0.0035991604058892707	1.0103164726190108
10.08	1.0066781033759382	0.003647305635958364	1.0103254090118965
10.1	1.0066277978032012	0.0037088269240070472	1.0103366247272083
10.12	1.0065661045384355	0.0037839014406654274	1.010350005979101
10.14	1.0064926693516303	0.003872745228590949	1.0103654145802212
10.16	1.0064070741858535	0.003975613750379811	1.0103826879362334
10.18	1.006308836491023	0.004092802552528167	1.0104016390435513
10.2	1.006197408437013	0.004224648055255267	1.0104220564922684
10.22	1.0060721759975124	0.0043715284788737405	1.010443704476386
10.24	1.0059324578939361	0.004533864919636238	1.0104663228135724
10.26	1.0057775043881612	0.004712122588801748	1.010489626976963
10.28	1.0056064959105209	0.004906812230900975	1.010513308141422
10.3	1.0054185415087888	0.005118491738029215	1.010537033246818
10.32	1.005212677101154	0.005347767979750059	1.010560445080904
10.34	1.0049878635155656	0.005595298868694532	1.01058316238426
10.36	1.0047429842948437	0.005861795684904707	1.0106047799797484
10.38	1.00447684324532	0.006148025683439279	1.0106248689287591
10.4	1.0041881617050301	0.006454815011396126	1.0106429767164262
10.42	1.00387557550338	0.006783051964300138	1.01065862746768
10.44	1.0035376315836066	0.007133690612309824	1.0106713221959165
10.46	1.0031727842547646	0.007507754830854958	1.0106805390856195
10.48	1.0027793910368468	0.007906342773304039	1.0106857338101507
10.5	1.002355708059949	0.008330631825462523	1.0106863398854116
10.52	1.0018998849721696	0.00878188408771149	1.010681769059881
10.54	1.0014099593087378	0.009261452432312016	1.0106714117410498
10.56	1.0008838502672017	0.009770787190744468	1.0106546374579461
10.58	1.0003193518278606	0.01031144353110602	1.0106307953589666
10.6	0.999714125152753	0.010885089591086354	1.0105992147438394
10.62	0.9990656901867193	0.01149351544142381	1.0105592056281432
10.64	0.9983714163755046	0.012138642962771548	1.010510059338276
10.66	0.997628512404687	0.012822536729631726	1.0104510491343186
10.68	0.9968340148501157	0.01354741600772479	1.0103814308578405
10.7	0.9959847756167199	0.014315667984378026	1.010300443601098
10.72	0.9950774480246808	0.015129862369029903	1.0102073103937106
10.74	0.9941084713801978	0.015992767522003713	1.0101012389022015
10.76	0.9930740538469188	0.016907368290470768	1.0099814221373895
10.78	0.9919701534049189	0.01787688575920927	1.009847039164128
10.8	0.9907924566492198	0.01890479915776803	1.0096972558069879
10.82	0.9895363551420122	0.01999487020304993	1.0095312253450621
10.84	0.9881969189876532	0.021151170200829048	1.0093480891884823
10.86	0.9867688672400073	0.02237811028811039	1.0091469775281177
10.88	0.9852465346852595	0.02368047526393686	1.0089270099491963
10.9	0.9836238344681953	0.025063461530711463	1.0086872959989068
10.92	0.9818942159252178	0.026532719771237286	1.008426935696455
10.94	0.9800506168747384	0.028094403098301874	1.0081450199730402
10.96	0.9780854094705103	0.029755221557161884	1.0078406310276722
10.98	0.975990338550064	0.03152250403317224	1.0075128425832363
11.0	0.9737564511888339	0.03340426883570638	1.0071607200245403
11.02	0.9713740159106257	0.03540930448791555	1.0067833203985412
11.04	0.9688324296685489	0.037547262585010746	1.0063796922535597
11.06	0.9661201102866438	0.0398287650039958	1.0059488752906396
11.08	0.9632243715436067	0.04226552825372042	1.0054898997973272
11.1	0.9601312773899767	0.04487050843800015	1.005001785827977
11.12	0.9568254709442853	0.047658071145360206	1.0044835420896454
11.14	0.9532899728192011	0.05064419166763782	1.003934164486839
11.16	0.9495059418638775	0.05384669240463795	1.0033526342685155
11.18	0.9454523895500894	0.0572855261637904	1.0027379157138798
11.2	0.941105836708428	0.0609831165734582	1.0020889532818862
11.22	0.9364398979782184	0.06496477016079255	1.001404668139011
11.24	0.9314247748112494	0.06925917915828841	1.0006839539695378
11.26	0.9260266317036492	0.07389904026251161	0.9999256719661608
11.28	0.920206821838069	0.07892182306419712	0.9991286449022662
11.3	0.9139209163508368	0.084370733851446	0.9982916502022828
11.32	0.9071174740535317	0.09029593789511896	0.9974134119486506
11.34	0.8997364621555008	0.09675612960669107	0.996492591762192
11.36	0.8917071984910796	0.10382057998951033	0.9955277784805899
11.38	0.882945627785155	0.1115718490180207	0.9945174768031757
11.4	0.8733506675552442	0.1201094287839542	0.9934600963391984
11.42	0.8627992485591107	0.12955469665954894	0.9923539452186596
11.44	0.8511394448075673	0.14005778924939982	0.9911972340569671
11.46	0.8381805902865946	0.15180750343163008	0.9899880937182247
11.48	0.823678612356266	0.1650460082884057	0.9887246206446718
11.5	0.8073142335712604	0.18009078284708274	0.9874050164183432
11.52	0.7886596831190017	0.19736825255782603	0.9860279356768278
11.54	0.7671241636807324	0.21746903961913064	0.9845932032998631
11.56	0.7418624184466063	0.2412410472560023	0.9831034657026085
11.58	0.7116220007701374	0.26994638281839584	0.9815683835885332
11.6	0.6744899940654214	0.3055254568483634	0.9800154509137848
11.62	0.6275619372072551	0.3509574867601672	0.9785194239674222
11.64	0.5672357500291406	0.41004339937338785	0.9772791494025285
11.66	0.49368483135341373	0.4830321015868739	0.9767169329402876
11.68	0.41955533293895825	0.5576243337872426	0.9771796667262009
11.7	0.3586170243100376	0.6197662875271601	0.9783833118371977
11.72	0.3118126703020425	0.6680680793506915	0.979880749652734
11.74	0.2753653552160068	0.7060825029335823	0.9814478581495891
11.76	0.24613044038142495	0.7368693527249424	0.9829997931063673
11.78	0.22204516300242988	0.7624604716909331	0.9845056346933629
11.8	0.20177440344436778	0.7841801524836416	0.9859545559280094
11.82	0.18442562711259192	0.8029179808619606	0.9873436079745526
11.84	0.16938046707480214	0.8192924996257214	0.9886729667005235
11.86	0.15619520757987385	0.8337488422626554	0.9899440498425293
11.88	0.1445411549856187	0.8466175871494434	0.991158742135062
11.9	0.13416849410842446	0.8581505377129971	0.9923190318214216
11.92	0.12488326589138551	0.8685435794743885	0.9934268453657741
11.94	0.11653191689496174	0.8779520752336675	0.9944839921286293
11.96	0.1089907982224142	0.8865013518768035	0.9954921500992177
11.98	0.10215892101632996	0.894293943518738	0.996452864535068
12.0	0.09595279835297725	0.9014147557687079	0.9973675541216851
12.02	0.09030266872745438	0.9079348529137187	0.9982375216411731
12.04	0.08514968330642189	0.9139142825319833	0.9990639658384052
12.06	0.08044378369016496	0.9194042088469238	0.9998479925370887
12.08	0.07614207913561676	0.9244485452551745	1.0005906243907912
12.1	0.07220758851313064	0.9290852207387565	1.0012928092518871
12.12	0.06860825249773511	0.9333471747819211	1.0019554272796563
12.14	0.0653161491565653	0.9372631477641667	1.002579296920732
12.16	0.06230686492030112	0.9408583149666856	1.0031651798869867
12.18	0.059558985781208294	0.9441547994715319	1.0037137852527402
12.2	0.05705368254710554	0.94717209024332	1.0042257727904256
12.22	0.05477437044650925	0.949927385208063	1.0047017556545723
12.24	0.052706428064061304	0.9524358744506516	1.0051423025147128
12.26	0.050836964068842895	0.9547109751569962	1.005547939225839
12.28	0.049154622788712125	0.9567645273254746	1.0059191501141866
12.3	0.0476494216416151	0.95860695730456	1.0062563789461751
12.32	0.046312614930330516	0.9602474147085518	1.0065600296388824
12.34	0.045136579655531646	0.9616938871072159	1.0068304667627477
12.36	0.044114719885833334	0.9629532959948852	1.0070680158807186
12.38	0.04324138694535171	0.9640315768151612	1.007272963760513
12.4	0.042511813212792675	0.9649337452801251	1.0074455584929178
12.42	0.041922057789172504	0.9656639517538903	1.0075860095430629
12.44	0.04146896265378675	0.9662255251034306	1.0076944877572174
12.46	0.04115011822065902	0.9666210071237804	1.0077711253444395
12.48	0.04096383747622945	0.9668521783711259	1.0078160158473555
12.5	0.04090913808502552	0.9669200760288356	1.0078292141138612
12.52	0.040985732047746734	0.9668250042300831	1.00781073627783
12.54	0.04119402268438785	0.9665665370683457	1.0077605597527335
12.56	0.0415351088639824	0.9661435143762745	1.007678623240257
12.58	0.042010796581625605	0.9655540301700979	1.0075648267517234
12.6	0.042623618147823616	0.9647954134892621	1.0074190316370857
12.62	0.043376859433620865	0.9638642011796116	1.0072410606132325
12.64	0.044274595817966604	0.9627561019612575	1.007030697779224
12.66	0.04532173769585419	0.9614659509077056	1.0067876886035598
12.68	0.04652408668604047	0.9599876531772555	1.0065117398632961
12.7	0.04788840396435989	0.9583141155480257	1.0062025195123856
12.72	0.04942249255292286	0.9564371638972342	1.005859656450157
12.74	0.051135295828640535	0.9543474443295027	1.0054827401581432
12.76	0.05303701512235202	0.9520343050433656	1.0050713201657175
12.78	0.055139249987424775	0.9494856553128719	1.0046249053002967
12.8	0.057455165660169887	0.9466877970098649	1.0041429626700349
12.82	0.05999969342726051	0.9436252228916365	1.003624916318897
12.84	0.06278977117822215	0.9402803743068164	1.0030701454850386
12.86	0.06584463347416612	0.9366333489084292	1.0024779823825953
12.88	0.06918616317821097	0.9326615462384574	1.0018477094166685
12.9	0.07283932036164428	0.9283392353668216	1.0011785557284658
12.92	0.07683266912536464	0.9236370238339762	1.0004696929593409
12.94	0.08119902981864802	0.9185212002940111	0.9997202301126591
12.96	0.08597629363537855	0.9129529137561725	0.998929207391551
12.98	0.0912084502469816	0.9068871386404027	0.9980955888873844
13.0	0.09694689912213991	0.9002713548688531	0.9972182539909931
13.02	0.10325214469180083	0.8930438427268436	0.9962959874186443
13.04	0.11019601826629366	0.8851314496561656	0.9953274679224593
13.06	0.11786462984003643	0.8764466265870536	0.9943112564270901
13.08	0.12636234206423447	0.8668834436936403	0.9932457857578748
13.1	0.13581721793967502	0.8563121375439571	0.9921293554836321
13.12	0.14638870689934083	0.8445714282657614	0.9909601351651022
13.14	0.15827882933219184	0.8314573536190423	0.9897361829512341
13.16	0.17174868341805682	0.816706828875861	0.9884555122939178
13.18	0.18714318679720648	0.7999730950474856	0.9871162818446921
13.2	0.2049302107974894	0.7807869981271752	0.9857172089246646
13.22	0.22576540450204421	0.7584930606718427	0.9842584651738869
13.24	0.25060094503822505	0.7321429148902849	0.98274385992851
13.26	0.2808697526571982	0.7003166392193418	0.98118639187654
13.28	0.3187922859770435	0.6608303867553718	0.9796226727324153
13.3	0.36770568942810955	0.61044727708882	0.9781529665169295
13.32	0.43119906547018383	0.5458378518803316	0.9770369173505155
13.34	0.5064872171947755	0.47025486158392726	0.9767420787787028
13.36	0.5783325289208759	0.3991204659335281	0.9774529948544041
13.38	0.6362202359892215	0.3425385719963299	0.9787588079855514
13.4	0.6812669231214725	0.29900640486716573	0.9802733279886382
13.42	0.7170786816391642	0.2647479095154278	0.981826591154592
13.44	0.746378302767433	0.23697702493389636	0.9833553277013294
13.46	0.7709454878727239	0.21389080798520319	0.9848362958579271
13.48	0.7919503925946441	0.19431109714403372	0.9862614897386778
13.5	0.8101874443385765	0.17744148606827223	0.9876289304068487
13.52	0.826215167711853	0.16272389860385755	0.9889390663157105
13.54	0.8404401384386965	0.14975321331205826	0.9901933517507547
13.56	0.8531671825627706	0.13822643714182875	0.9913936197045994
13.58	0.8646302037263836	0.12791157112028714	0.9925417748466707
13.6	0.8750125437136808	0.11862713110309844	0.9936396748167792
13.62	0.8844607241348877	0.11022836896465556	0.9946890930995433
13.64	0.8930937333646718	0.10259797115115143	0.9956917045158232
13.66	0.9010095147972665	0.09563956830211301	0.9966490830993795
13.68	0.9082896714214568	0.08927303798403896	0.9975627094054957
13.7	0.9150029421500593	0.08343103955230408	0.9984339817023633
13.72	0.921207799369022	0.0780564278800159	0.9992642272490379
13.74	0.9269544162571205	0.07310029618984815	1.0000547124469685
13.76	0.9322861802933499	0.06852047148035206	1.000806651773702
13.78	0.9372408748608096	0.06428034073104749	1.0015212155918571
13.8	0.9418516133656768	0.060347923538027246	1.002199536903704
13.82	0.946147585663733	0.056695131453912403	1.0028427171176455
13.84	0.9501546602692907	0.053297170643714295	1.003451830913005
13.86	0.9538958745370683	0.050132055765783334	1.0040279303028516
13.88	0.9573918369704383	0.04718021102555604	1.0045720479959943
13.9	0.9606610599620313	0.04442414019032591	1.0050852001523571
13.92	0.9637202369741565	0.04184815164129287	1.0055683886154494
13.94	0.9665844749773388	0.039438127717324356	1.0060226026946633
13.96	0.9692674905792789	0.037181329980912864	1.0064488205601918
13.98	0.9717817764775059	0.03506623382732266	1.0068480103048285
14.0	0.9741387434884917	0.03308238723029698	1.0072211307187886
14.02	0.9763488423497713	0.03122028946771204	1.0075691318174833
14.04	0.9784216686708441	0.029471286485758162	1.0078929551566023
14.06	0.980366053770325	0.02782748019427282	1.0081935339645978
14.08	0.982190143617372	0.026281649500377827	1.0084717931177498
14.1	0.9839014677135276	0.024827181267709927	1.0087286489812375
14.12	0.985506999411212	0.023458009724096802	1.0089650091353088
14.14	0.9870132089165857	0.022168563087686957	1.0091817720042726
14.16	0.9884261100188934	0.020953716385097017	1.0093798264039904
14.18	0.9897513014091477	0.019808749612203747	1.0095600510213514
14.2	0.9909940033209574	0.018729310517366864	1.0097233138383244
14.22	0.9921590901079024	0.01771138140368043	1.0098704715115827
14.24	0.9932511192782829	0.016751249439406538	1.0100023687176896
14.26	0.9942743574332277	0.015845480039882183	1.01011983747311
14.28	0.9952328034838428	0.014990892953129959	1.0102236964369729
14.3	0.9961302094741171	0.014184540730165177	1.0103147502042824
14.32	0.99697009928739	0.013423689308804493	1.0103937885961944
14.34	0.9977557854777298	0.012705800475819009	1.0104615859535488
14.36	0.9984903844336128	0.012028516005492089	1.0105189004391049
14.38	0.9991768300563804	0.011389643297135205	1.0105664733535156
14.4	0.9998178861106027	0.010787142358857629	1.0106050284694603
14.42	1.0004161573829287	0.010219114004789689	1.0106352713877182
14.44	1.0009740997736618	0.009683789145129094	1.010657888918791
14.46	1.0014940294247063	0.009179519068141559	1.010673548492848
14.48	1.0019781309801072	0.008704766620406595	1.0106828976005138
14.5	1.0024284650617337	0.008258098204750864	1.0106865632664845
14.52	1.0028469750352047	0.007838176522334286	1.010685151557539
14.54	1.003235493131459	0.007443753994492548	1.0106792471259516
14.56	1.003595745984743	0.007073666804423154	1.0106694127891662
14.58	1.00392935963912	0.006726829506689	1.0106561891458088
14.6	1.0042378640723189	0.006402230155753912	1.0106400942280727
14.62	1.0045226972799315	0.006098925909903065	1.0106216231898346
14.64	1.004785208959411	0.005816039070389444	1.0106012480298003
14.66	1.0050266638293226	0.005552753519077109	1.0105794173483997
14.68	1.005248244616004	0.005308311520962373	1.0105565561369665
14.7	1.0054510547370397	0.005082010860482319	1.010533065597522
14.72	1.00563612070828	0.004873202282891473	1.0105093229911715
14.74	1.0058043942979757	0.0046812872148806195	1.0104856815128564
14.76	1.005956754450798	0.004505715739503735	1.0104624701903016
14.78	1.0060940090007322	0.004345984803860266	1.0104399938045925
14.8	1.0062168961913307	0.004201636638551695	1.0104185328298825
14.82	1.0063260860192529	0.004072257370503091	1.0103983433897559
14.84	1.0064221814154397	0.003957475812152318	1.010379657227592
14.86	1.0065057192771483	0.0038569624114325935	1.010362681688581
14.88	1.0065771713618608	0.003770428348988158	1.0103475997108489
14.9	1.0066369450536166	0.0036976247699661213	1.0103345698235826
14.92	1.006685384009737	0.0036383421401699235	1.010323726149907
14.94	1.0067227686961777	0.0035924097165943346	1.010315178412772
14.96	1.006749316817029	0.003559695125077495	1.0103090119421065
14.98	1.0067651836435023	0.0035401040383504136	1.0103052876818528
15.0	1.0067704622461269	0.003533579949674386	1.0103040421958012
15.02	1.00676518363317	0.0035401040382853207	1.0103052876714553
15.04	1.0067493167963941	0.003559695124927126	1.0103090119213212
15.06	1.0067227686652274	0.0035924097163818848	1.0103151783816093
15.08	1.0066853839684964	0.0036383421398907346	1.010323726108387
15.1	1.00663694500212	0.0036976247696153403	1.0103345697717354
15.12	1.0065771713001528	0.003770428348560474	1.0103475996487132
15.14	1.0065057192052618	0.0038569624109296716	1.0103626816161915
15.16	1.0064221813334469	0.003957475811558558	1.0103796571450054
15.18	1.0063260859271796	0.0040722573698346275	1.0103983432970143
15.2	1.0062168960892686	0.004201636637789498	1.010418532727058
15.22	1.0060940088887285	0.004345984803017024	1.0104399936917454
15.24	1.0059567543289434	0.004505715738566138	1.0104624700675096
15.26	1.0058043941663555	0.004681287213837912	1.0104856813801935
15.28	1.0056361205669855	0.00487320228174647	1.0105093228487319
15.3	1.005451054586178	0.005082010859220465	1.0105330654453983
15.32	1.0052482444556468	0.005308311519602214	1.010556555975249
15.34	1.0050266636596235	0.005552753517574429	1.0105794171771978
15.36	1.0047852087804505	0.00581603906877497	1.0106012478492254
15.38	1.0045226970918377	0.006098925908152209	1.01062162299999
15.4	1.0042378638752398	0.006402230153845525	1.0106400940290854
15.42	1.0039293594332177	0.006726829504588109	1.0106561889378058
15.44	1.003595745770069	0.0070736668021949166	1.010669412572264
15.46	1.0032354929082083	0.007443753992081661	1.01067924690029
15.48	1.0028469748035396	0.007838176519717532	1.010685151323257
15.5	1.0024284648218018	0.008258098201921367	1.0106865630237232
15.52	1.001978130731977	0.008704766617432334	1.0106828973494093
15.54	1.0014940291686003	0.009179519064956435	1.0106735482335567
15.56	1.0009740995097753	0.00968378914169095	1.0106578886514663
15.58	1.0004161571114405	0.01021911400107826	1.0106352711125188
15.6	0.9998178858316848	0.010787142354859348	1.0106050281865442
15.62	0.9991768297702197	0.011389643292819628	1.0105664730630393
15.64	0.9984903841402725	0.012028516000956337	1.010518900141229
15.66	0.997755785177424	0.012705800471018859	1.010461585648443
15.68	0.9969700989805375	0.013423689303499648	1.010393788284037
15.7	0.9961302091606578	0.014184540724573723	1.0103147498852314
15.72	0.9952328031639265	0.014990892947277285	1.0102236961112037
15.74	0.994274357107335	0.015845480033479842	1.0101198371408149
15.76	0.9932511189464648	0.016751249432569004	1.0100023683790338
15.78	0.9921590897701965	0.017711381396534814	1.0098704711667312
15.8	0.9909940029779064	0.018729310509580228	1.0097233134874866
15.82	0.9897513010607629	0.019808749603925663	1.0095600506646887
15.84	0.9884261096653588	0.020953716376328785	1.0093798260416875
15.86	0.98701320855849	0.02216856307804737	1.0091817716365372
15.88	0.9855069990484882	0.023458009713820133	1.0089650087623083
15.9	0.9839014673462047	0.024827181256934696	1.0087286486031393
15.92	0.9821901432455366	0.026281649489197242	1.0084717927347338
15.94	0.9803660533946397	0.027827480182241866	1.0081935335768815
15.96	0.9784216682918899	0.02947128647251311	1.007892954764403
15.98	0.9763488419670386	0.03122028945389769	1.0075691314209363
16.0	0.9741387431025174	0.03308238721558705	1.0072211303181045
16.02	0.9717817760885507	0.03506623381164624	1.0068480099001968
16.04	0.9692674901875524	0.03718132996425324	1.0064488201518056
16.06	0.9665844745835742	0.039438127699178684	1.006022602282753
16.08	0.9637202365780572	0.04184815162211431	1.0055683882001716
16.1	0.9606610595638151	0.04442414017008409	1.0050851997338992
16.12	0.9573918365703492	0.04718021100421055	1.0045720475745599
16.14	0.9538958741357171	0.050132055742947663	1.0040279298786647
16.16	0.9501546598670163	0.05329717061925269	1.003451830486269
16.18	0.9461475852607146	0.05669513142783972	1.0028427166885543
16.2	0.9418516129622786	0.06034792351019639	1.002199536472475
16.22	0.937240874457234	0.0642803407014557	1.0015212151586896
16.24	0.9322861798902002	0.06852047144863355	1.0008066513388338
16.26	0.9269544158545775	0.07310029615602968	1.0000547120106071
16.28	0.921207798967329	0.07805642784407821	0.9992642268114071
16.3	0.9150029417497466	0.08343103951394562	0.9984339812636922
16.32	0.908289671023229	0.0892730379428176	0.9975627089660466
16.34	0.9010095144010681	0.09563956825830382	0.9966490826593719
16.36	0.8930937329717205	0.10259797110383609	0.9956917040755565
16.38	0.8844607237456107	0.11022836891367155	0.9946890926592822
16.4	0.875012543328467	0.1186271310483278	0.9936396743767948
16.42	0.8646302033461561	0.12791157106112816	0.9925417744072843
16.44	0.8531671821878775	0.13822643707823506	0.9913936192661126
16.46	0.8404401380706005	0.14975321324295	0.9901933513135505
16.48	0.8262151673509939	0.1627238985291452	0.9889390658801391
16.5	0.810187443986454	0.17744148598690404	0.987628929973358
16.52	0.7919503922545622	0.19431109705327013	0.9862614893078323
16.54	0.7709454875427153	0.21389080788739528	0.9848362954301106
16.56	0.7463783024538473	0.23697702482352104	0.9833553272773683
16.58	0.7170786813434897	0.26474790939171966	0.9818265907352094
16.6	0.6812669228508215	0.29900640472410667	0.9802733275749281
16.62	0.6362202357495369	0.34253857182921565	0.9787588075787526
16.64	0.5783325287207628	0.39912046573536086	0.9774529944561237
16.66	0.5064872170368715	0.4702548613536183	0.9767420783904899
16.68	0.4311990653431382	0.5458378516298933	0.9770369169730315
16.7	0.3677056893154058	0.6104472768342517	0.9781529661496575
16.72	0.3187922858764735	0.6608303864978871	0.9796226723743606
16.74	0.280869752565353	0.7003166389616482	0.9811863915270012
16.76	0.25060094495432766	0.7321429146326621	0.9827438595869897
16.78	0.22576540442596119	0.7584930604140983	0.9842584648400594
16.8	0.2049302107294095	0.7807869978688992	0.9857172085983087
16.82	0.18714318673482627	0.7999730947909801	0.9871162815258063
16.84	0.17174868335914117	0.8167068286234278	0.988455511982569
16.86	0.1582788292781515	0.831457353369199	0.9897361826473505
16.88	0.14638870684945743	0.8445714280192995	0.9909601348687569
16.9	0.13581721789397358	0.8563121373009036	0.9921293551948772
16.92	0.1263623420223621	0.8668834434544369	0.993245785476799
16.94	0.11786462980112151	0.8764466263527061	0.9943112561538276
16.96	0.1101960182303811	0.8851314494267324	0.9953274676571134
16.98	0.10325214465832946	0.8930438425030208	0.9962959871613503
17.0	0.09694689909127036	0.9002713546505747	0.997218253741845
17.02	0.09120845021861779	0.9068871384278839	0.9980955886465017
17.04	0.08597629360875228	0.9129529135503469	0.9989292071590992
17.06	0.08119902979413099	0.9185212000945943	0.9997202298887252
17.08	0.07683266910231473	0.9236370236417709	1.0004696927440857
17.1	0.07283932034070624	0.9283392351812516	1.001178555521958
17.12	0.06918616315913768	0.932661546059901	1.0018477092190388
17.14	0.06584463345633167	0.9366333487376635	1.002477982193995
17.16	0.06278977116186778	0.9402803741436979	1.0030701453055657
17.18	0.05999969341219519	0.9436252227364755	1.0036249161486708
17.2	0.05745516564638792	0.9466877968627616	1.0041429625091496
17.22	0.055139249974802636	0.9494856551740604	1.004624905148863
17.24	0.05303701511087484	0.9520343049129472	1.005071320023822
17.26	0.05113529581810038	0.9543474442078012	1.0054827400259014
17.28	0.04942249254344381	0.9564371637841893	1.0058596563276332
17.3	0.047888403955673016	0.9583141154439997	1.0062025193996726
17.32	0.04652408667825068	0.9599876530822116	1.0065117397604622
17.34	0.04532173768932744	0.9614659508213134	1.0067876885106408
17.36	0.044274595811864666	0.9627561018844782	1.007030697696343
17.38	0.04337685942852753	0.9638642011118674	1.007241060540395
17.4	0.042623618143191086	0.9647954134311837	1.0074190315743747
17.42	0.042010796578125224	0.9655540301210012	1.0075648266991264
17.44	0.04153510886068093	0.966143514337202	1.007678623197883
17.46	0.041194022682253424	0.9665665370382683	1.0077605597205217
17.48	0.04098573204606515	0.9668250042097859	1.007810736255851
17.5	0.04090913808411174	0.9669200760179922	1.007829214102104
17.52	0.04096383747627557	0.9668521783695279	1.0078160158458034
17.54	0.0411501182212685	0.9666210071318451	1.0077711253531136
17.56	0.04146896265482092	0.9662255251212917	1.0076944877761127
17.58	0.0419220577909501	0.9656639517811894	1.0075860095721394
17.6	0.04251181321537671	0.9649337453167666	1.0074455585321433
17.62	0.04324138694886868	0.9640315768609602	1.0072729638098288
17.64	0.044114719890122535	0.9629532960499784	1.0070680159401009
17.66	0.04513657966047908	0.9616938871716789	1.006830466832158
17.68	0.04631261493632527	0.9602474147819064	1.0065600297182318
17.7	0.047649421647957296	0.9586069573874936	1.0062563790354508
17.72	0.04915462279607721	0.9567645274171902	1.0059191502132674
17.74	0.0508369640771854	0.9547109752574695	1.005547939334655
17.76	0.0527064280733306	0.9524358745598542	1.005142302633185
17.78	0.054774370456745325	0.9499273853258573	1.0047017557826026
17.8	0.057053682558407565	0.9471720903695172	1.0042257729279247
17.82	0.059558985793742907	0.9441547996058509	1.0037137853995939
17.84	0.06230686493394663	0.9408583151091567	1.0031651800431034
17.86	0.06531614917149837	0.9372631479144915	1.00257929708599
17.88	0.0686082525143194	0.9333471749395998	1.0019554274539193
17.9	0.07220758853097624	0.9290852209041011	1.0012928094350773
17.92	0.07614207915474862	0.9244485454280265	1.0005906245827751
17.94	0.08044378371128694	0.9194042090264264	0.9998479927377133
17.96	0.08514968332923815	0.9139142827183314	0.9990639660475695
17.98	0.0903026687523201	0.9079348531064101	0.9982375218587302
18.0	0.09595279837970298	0.90141475596783	0.997367554347533
18.02	0.10215892104514661	0.8942939437239231	0.9964528647690697
18.04	0.108990798253638	0.8865013520875997	0.9954921503412377
18.06	0.11653191692902132	0.8779520754495047	0.994483992378526
18.08	0.12488326592841054	0.8685435796950212	0.9934268456234316
18.1	0.134168494148479	0.8581505379382632	0.9923190320867422
18.12	0.144541155028835	0.8466175873791015	0.9911587424079366
18.14	0.15619520762719458	0.8337488424956362	0.9899440501228307
18.16	0.1693804671263523	0.8192924998618363	0.9886729669881886
18.18	0.18442562716737068	0.8029179811022231	0.9873436082695938
18.2	0.2017744035059128	0.7841801527243301	0.9859545562302429
18.22	0.22204516306877475	0.7624604719341715	0.9845056350029463
18.24	0.24613044045423305	0.7368693529690933	0.9829997934233263
18.26	0.2753653552960616	0.7060825031780504	0.981447858474112
18.28	0.31181267038945665	0.6680680795957141	0.9798807499851707
18.3	0.35861702440485393	0.619766287773237	0.9783833121780909
18.32	0.4195553330456773	0.5576243340305136	0.977179667076191
18.34	0.4936848314853096	0.48303210181447126	0.9767169332997809
18.36	0.5672357501995128	0.4100433995715955	0.9772791497711083
18.38	0.6275619374178183	0.3509574869260765	0.9785194243438948
18.4	0.6744899943069951	0.30552545698976435	0.9800154512967594
18.42	0.7116220010358613	0.26994638294100665	0.9815683839768679
18.44	0.7418624187308057	0.24124104736455848	0.9831034660953641
18.46	0.7671241639798094	0.2174690397164981	0.9845932036963075
18.48	0.7886596834293942	0.1973682526469146	0.9860279360763088
18.5	0.8073142338934512	0.1800907829270189	0.9874050168204702
18.52	0.8236786126865474	0.16504600836235192	0.9887246210488994
18.54	0.8381805906250042	0.15180750349922245	0.9899880941242266
18.56	0.8511394451526073	0.14005778931176388	0.9911972344643711
18.58	0.8627992489095893	0.12955469671753628	0.9923539456271255
18.6	0.8733506679110676	0.12010942883740462	0.9934600967484722
18.62	0.882945628145003	0.11157184906793916	0.9945174772129421
18.64	0.8917071988547669	0.10382058003584868	0.9955277788906156
18.66	0.8997364625222082	0.09675612965000417	0.9964925921722123
18.68	0.9071174744221329	0.09029593793626473	0.9974134123583975
18.7	0.913920916722056	0.08437073388955238	0.9982916506116084
18.72	0.9202068222115455	0.07892182309941036	0.9991286453109558
18.74	0.9260266320785318	0.0738990402954484	0.9999256723739801
18.76	0.9314247751869239	0.06925917918934159	1.0006839543762656
18.78	0.9364398983547046	0.06496477018977498	1.0014046685444797
18.8	0.9411058370852143	0.060983116600674035	1.0020889536858884
18.82	0.9454523899267272	0.057285526189489365	1.0027379161162167
18.84	0.9495059422402875	0.053846692428731996	1.0033526346690196
18.86	0.9532899731951688	0.05064419169016338	1.0039341648853322
18.88	0.9568254713194012	0.047658071166541464	1.0044835424859426
18.9	0.9601312777638071	0.0448705084580835	1.0050017862218907
18.92	0.9632243719165439	0.04226552827218343	1.0054899001887272
18.94	0.9661201106575115	0.039828765021770435	1.0059488756792818
18.96	0.9688324300375355	0.037547262601777265	1.0063796926393127
18.98	0.9713740162781049	0.03540930450316698	1.006783320781272
19.0	0.9737564515537634	0.03340426885025871	1.007160720404022
19.02	0.9759903389124145	0.03152250404690661	1.0075128429593212
19.04	0.9780854098301762	0.029755221570024956	1.007840631400201
19.06	0.9800506172311368	0.028094403110680108	1.008145020341817
19.08	0.981894216278826	0.026532719782547474	1.0084269360613736
19.1	0.983623834818192	0.025063461541559605	1.0086872963597517
19.12	0.9852465350317318	0.023680475274093008	1.0089270103058248
19.14	0.9867688675828072	0.022378110297571054	1.0091469778803783
19.16	0.9881969193264966	0.021151170209712397	1.009348089536209
19.18	0.9895363554765462	0.01999487021153793	1.0095312256880842
19.2	0.9907924569793706	0.01890479916578079	1.0096972561451514
19.22	0.9919701537308041	0.017876885766498186	1.0098470394973023
19.24	0.9930740541679974	0.016907368297388897	1.0099814224653862
19.26	0.9941084716963785	0.015992767528501966	1.0101012392248805
19.28	0.9950774483358074	0.015129862375110546	1.010207310710918
19.3	0.9959847759226605	0.014315667990024532	1.010300443912685
19.32	0.9968340151504353	0.013547416013208769	1.010381431163644
19.34	0.9976285126995014	0.01282253673470576	1.0104510494342072
19.36	0.9983714166646032	0.012138642967490555	1.0105100596320937
19.38	0.9990656904698967	0.011493515445854731	1.0105592059157513
19.4	0.9997141254298783	0.010885089595214692	1.0105992150250929
19.42	1.0003193520987395	0.010311443534987804	1.0106307956337273
19.44	1.0008838505317463	0.009770787194334041	1.0106546377260803
19.46	1.0014099595667314	0.00926145243567974	1.0106714120024112
19.48	1.001899885223474	0.008781884090874707	1.0106817693143486
19.5	1.0023557083044181	0.008330631828432291	1.0106863401328503
19.52	1.0027793912744603	0.00790634277598707	1.0106857340504474
19.54	1.0031727844852425	0.007507754833398363	1.0106805393186409
19.56	1.0035376318068556	0.007133690614687034	1.0106713224215427
19.58	1.0038755757192666	0.006783051966530954	1.0106586276857976
19.6	1.0041881619134392	0.0064548150134764865	1.0106429769269156
19.62	1.004476843446176	0.006148025685349109	1.010624869131525
19.64	1.0047429844879805	0.005861795686704601	1.0106047801746851
19.66	1.004987863700955	0.0055952988703143886	1.0105831625712693
19.68	1.005212677278621	0.005347767981267482	1.0105604452598884
19.7	1.0054185416782366	0.00511849173944655	1.010537033417683
19.72	1.0056064960718982	0.004906812232189914	1.010513308304088
19.74	1.0057775045413406	0.0047121225900077605	1.0104896271313484
19.76	1.0059324580388684	0.004533864920730115	1.0104663229595985
19.78	1.0060721761340923	0.0043715284798947025	1.010443704613987
19.8	1.0061974085651972	0.004224648056181652	1.0104220566213789
19.82	1.0063088366107347	0.004092802553371	1.0104016391641057
19.84	1.0064070742970614	0.003975613751120876	1.0103826880481823
19.86	1.0064926694542464	0.00387274522926695	1.0103654146835135
19.88	1.0065661046323988	0.0037839014412864957	1.0103500060736854
19.9	1.006627797888502	0.003708826924553717	1.0103366248130559
19.92	1.0066781034525683	0.003647305636408563	1.0103254090889768
19.94	1.0067173122810118	0.0035991604062828534	1.0103164726872946
19.96	1.0067456525034932	0.003564252495886539	1.0103099049993798
19.98	1.0067632897682601	0.0035424812610257194	1.0103057710292858
20.0	1.0067703274903554	0.0035337839094931904	1.0103041113998485
20.02	1.0067668070053413	0.0035381353515417	1.010304942356883
20.04	1.0067527076305818	0.00355554814039121	1.010308255770973
20.06	1.0067279466345627	0.003586072501989411	1.010314019136552
20.08	1.0066923791141325	0.0036297964543631125	1.0103221755684955
20.1	1.0066457977780443	0.0036868460185002713	1.0103326437965445
20.12	1.0065879326342584	0.0037573855241437833	1.0103453181584021
20.14	1.0065184505775242	0.0038416180149943094	1.0103600685925185
20.16	1.006436954872023	0.003939785759865666	1.0103767406318886
20.18	1.006342984523753	0.004052170876820055	1.010395155400573
20.2	1.0062360135345236	0.004179096080084034	1.0104151096146077
20.22	1.006115450030002	0.004320925559604299	1.0104363755896064
20.24	1.005980635251462	0.004478066005589592	1.0104587012570516
20.26	1.005830842400223	0.0046509677916168925	1.0104818101918398
20.28	1.005665275322076	0.004840126331335084	1.0105054016534112
20.3	1.0054830670175257	0.0050460836255784465	1.010529150643104
20.32	1.0052832779621221	0.005269430018101962	1.0105527079802241
20.34	1.0050648942189393	0.005510806180410527	1.0105757003993499
20.36	1.0048268253241868	0.005770905347197756	1.0105977306713845
20.38	1.0045679019236888	0.0060504758269397056	1.0106183777506286
20.4	1.0042868731374135	0.006350323812686331	1.0106371969500998
20.42	1.0039824036250737	0.006671316522082794	1.0106537201471566
20.44	1.0036530703243465	0.007014385696764687	1.010667456021111
20.46	1.0032973588300176	0.007380531494386652	1.0106778903244042
20.48	1.0029136593787937	0.007770826809796525	1.0106844861885902
20.5	1.0025002624016561	0.008186422064325207	1.0106866844659814
20.52	1.0020553536006283	0.008628550506925285	1.0106839041075535
20.54	1.0015770085030269	0.009098534074239774	1.0106755425772667
20.56	1.0010631864405724	0.009597789862086115	1.0106609763026584
20.58	1.0005117238952304	0.010127837265765395	1.0106395611609957
20.6	0.9999203271464356	0.01069030585361658	1.0106106330000522
20.62	0.9992865641467512	0.01128694404526257	1.0105735081920137
20.64	0.9986078555440147	0.011919628674491185	1.010527484218506
20.66	0.9978814647577845	0.012590375526758478	1.010471840284543
20.68	0.9971044870050878	0.01330135095324745	1.0104058379583352
20.7	0.9962738371581482	0.014054884675724681	1.0103287218338728
20.72	0.9953862362962628	0.01485348391584456	1.0102397202121074
20.74	0.9944381968021684	0.015699848994740553	1.010138045796909
20.76	0.9934260058207653	0.01659689057957841	1.0100228964003437
20.78	0.9923457068800144	0.017547748772247063	1.0098934556522614
20.8	0.9911930794396863	0.01855581426847192	1.0097488937081582
20.82	0.989963616091504	0.019624751856821967	1.009588367948326
20.84	0.9886524971004541	0.020758526560968927	1.009411023661423
20.86	0.9872545619119913	0.02196143279197147	1.0092159947039627
20.88	0.9857642771987222	0.023238126928398314	1.0090024041271204
20.9	0.9841757009348777	0.024593663825985445	1.008769364760863
20.92	0.9824824419035182	0.026033537840950343	1.0085159797444685
20.94	0.9806776139221807	0.027563729069060357	1.0082413429912411
20.96	0.9787537839512788	0.029190755622918223	1.007944539574197
20.98	0.9767029130708318	0.03092173294620364	1.0076246460170355
21.0	0.9745162891229979	0.03276444135077742	1.0072807304737754
21.02	0.9721844495563994	0.03472740322074571	1.006911852777145
21.04	0.9696970927126758	0.036819971621534574	1.0065170643342103
21.06	0.9670429753974228	0.039052432446153626	1.0060954078435764
21.08	0.9642097940940453	0.041436122711136406	1.0056459168051817
21.1	0.9611840465639807	0.0439835682251198	1.0051676147891004
21.12	0.9579508697913053	0.046708644633392894	1.0046595144246981
21.14	0.954493849203374	0.04962676686100802	1.004120616064382
21.16	0.9507947927998089	0.05275511326993895	1.003549906069748
21.18	0.9468334620860575	0.05611289257241665	1.002946354658474
21.2	0.9425872494417304	0.059721663799387065	1.0023089132411176
21.22	0.9380307885098195	0.06360572265583951	1.0016365111656589
21.24	0.9331354801145579	0.0677925716631299	1.0009280517776877
21.26	0.9278689106624334	0.07231349703350352	1.000182407695937
21.28	0.9221941323784725	0.07720428282517011	0.9993984152036426
21.3	0.916068764088309	0.08250610357918028	0.9985748676674893
21.32	0.9094438559092337	0.08826665200395002	0.9977105079131837
21.34	0.9022624381710473	0.09454158131230292	0.9968040194833503
21.36	0.8944576397075876	0.10139637696044011	0.9958540166680278
21.38	0.8859502093662331	0.10890882396400761	0.9948590333302407
21.4	0.8766452067356312	0.11717230479323729	0.9938175115288684
21.42	0.866427535904947	0.12630025748477874	0.9927277933897258
21.44	0.8551558125968379	0.13643230899655556	0.9915881215933935
21.46	0.8426536334792561	0.1477430177441203	0.9903966512233764
21.48	0.8286966982824664	0.16045478189483442	0.9891514801773008
21.5	0.8129937709799173	0.17485697837820127	0.9878507493581186
21.52	0.7951580696231662	0.19133484267055823	0.9864929122937244
21.54	0.7746609727637926	0.21041631035144204	0.9850772831152347
21.56	0.7507548148463845	0.2328504455891948	0.9836052604355793
21.58	0.7223449086252548	0.25973851907940254	0.9820834277046573
21.6	0.6877750307435889	0.29275640127618474	0.9805314320197737
21.62	0.6445007622109276	0.33450209574148104	0.9790028579524086
21.64	0.5889851571741063	0.3886572850399297	0.977642442214036
21.66	0.5191433100373666	0.4576535821573178	0.9767968921946844
21.68	0.4431830972524392	0.5337346360916583	0.9769177333440975
21.7	0.37718791523063117	0.6007443172776397	0.9779322325082709
21.72	0.32605744270124504	0.6533099677779513	0.9793674104791963
21.74	0.2865709424601058	0.6943542195027618	0.9809251619628676
21.76	0.25520984006624897	0.7272773832355561	0.9824872233018052
21.78	0.229586557382363	0.7544236926886146	0.9840102500709776
21.8	0.20816230387226994	0.7773163950505929	0.9854786989228629
21.82	0.189920217789329	0.7969675481863221	0.9868877659756511
21.84	0.17416443636646525	0.814072443802297	0.9882368801687623
21.86	0.1604012190469119	0.8291259481340085	0.9895271671809205
21.88	0.14826840683641976	0.8424920072628941	0.9907604140993138
21.9	0.13749298438142085	0.8544456158226008	0.9919386002040217
21.92	0.127864450865097	0.8651992294220158	0.9930636802871128
21.94	0.11921717466002466	0.8749203303370972	0.9941375049971218
21.96	0.11141847902875075	0.8837433180055247	0.9951617970342755
21.98	0.10436048536940828	0.8917776602472165	0.9961381456166247
22.0	0.09795435745759	0.8991136529919133	0.9970680104495032
22.02	0.09212611800519177	0.9058266135096021	0.9979527315147939
22.04	0.08681354979038348	0.9119799911054185	0.998793540895802
22.06	0.08196386865513945	0.9176277055712823	0.9995915742264218
22.08	0.0775319522821615	0.9228159285993479	1.0003478808815094
22.1	0.07347897304115755	0.9275844597424775	1.001063432783635
22.12	0.06977132872916625	0.9319678031888505	1.0017391319180167
22.14	0.06637979647504226	0.9359960202038546	1.002375816678897
22.16	0.06327885636868541	0.9396954108020256	1.002974267170711
22.18	0.060446145890653266	0.9430890636961395	1.0035352095867929
22.2	0.05786201630921688	0.946197303476978	1.004059319786195
22.22	0.05550916939840194	0.9490380567846276	1.0045472261830295
22.24	0.05337235805272363	0.9516271539995098	1.0049995120522335
22.26	0.05143813821101168	0.9539785791336493	1.0054167173446609
22.28	0.04969466235944504	0.9561046777333853	1.0057993400928302
22.3	0.04813150703278525	0.9580163304454874	1.0061478374782726
22.32	0.046739528364346	0.959723098257743	1.006462626622089
22.34	0.04551074099130687	0.9612333441602656	1.0067440851515725
22.36	0.04443821658277686	0.962554335006573	1.0069925515893499
22.38	0.04351599902938485	0.9636923265746653	1.00720832560405
22.4	0.04273903392376349	0.9646526342328963	1.0073916681566597
22.42	0.04210311044670671	0.9654396911246496	1.0075428015713563
22.44	0.041604814164391435	0.9660570953904687	1.00766190955486
22.46	0.04124148955810385	0.9665076476265095	1.0077491371846135
22.48	0.04101121138291453	0.9667933794987744	1.007804590881689
22.5	0.04091276417260794	0.9669155742087558	1.0078283383813638
22.52	0.04094562942162052	0.9668747792882085	1.007820408709829
22.54	0.0411099801431281	0.9666708120302325	1.0077807921733606
22.56	0.04140668268200163	0.9663027576800638	1.0077094403620654
22.58	0.041837305825517895	0.9657689603418539	1.0076062661673717
22.6	0.04240413741765443	0.9650670063916288	1.0074711438092832
22.62	0.043110208861501326	0.9641937000045164	1.0073039088660178
22.64	0.04395932808249039	0.963145030212752	1.0071043582952424
22.66	0.044956121743054044	0.9619161286895038	1.0068722504325578
22.68	0.046106087743169946	0.9605012172059187	1.0066073049490887
22.7	0.04741565933691134	0.9588935434092106	1.006309202746122
22.72	0.048892282543659564	0.9570853032167823	1.0059775857604418
22.74	0.050544508971168065	0.955067547677723	1.005612056648891
22.76	0.052382106699184895	0.9528300716164532	1.005212178315638
22.78	0.054416192548962586	0.9503612806905227	1.0047774732394854
22.8	0.05665938991946875	0.9476480326324727	1.0043074225519415
22.82	0.05912601747628747	0.9446754473321608	1.0038014648084483
22.84	0.061832315401267504	0.941426678985846	1.0032589943871135
22.86	0.06479671778600773	0.9378826416526791	1.002679359438687
22.88	0.06804018222426221	0.934021677076648	1.00206185930091
22.9	0.0715865909664629	0.9298191503124927	1.0014057412789557
22.92	0.07546324245885397	0.9252469542244594	1.0007101966833134
22.94	0.07970145821168645	0.9202728977957337	0.9999743560074201
22.96	0.08433733843781294	0.9148599446852147	0.9991972831230276
22.98	0.08941271201938812	0.9089652563477405	0.9983779683671287
23.0	0.09497634403934888	0.9025389763456055	0.9975153203849544
23.02	0.1010854901075993	0.8955226664885896	0.9966081565961888
23.04	0.10780792442729988	0.8878472678377898	0.9956551922650897
23.06	0.11522462133984462	0.8794304073404388	0.9946550286802833
23.08	0.1234333459199052	0.8701727962802805	0.9936061422001857
23.1	0.13255354023659693	0.8599533370613026	0.9925068772978995
23.12	0.1427331544145475	0.8486222920104038	0.9913554464249513
23.14	0.15415851106730344	0.8359914295974162	0.9901499406647196
23.16	0.167068785066788	0.8218195896883774	0.9888883747551654
23.18	0.18177746560494662	0.8057913642301424	0.9875688298350891
23.2	0.19870578018740404	0.7874839931208073	0.9861897733082113
23.22	0.21843764505873525	0.7663130831208913	0.9847507281796266
23.24	0.24181094915667298	0.741442945550269	0.983253894706942
23.26	0.270071200397647	0.7116370439389059	0.9817082443365529
23.28	0.3051334262558318	0.6750065039780291	0.9801399302338609
23.3	0.34994904610452177	0.6286716116192351	0.9786206577237568
23.32	0.4083447986751157	0.5689979581121499	0.9773427567872657
23.34	0.4808930470458114	0.4958293385212587	0.9767223855670701
23.36	0.5557636743854468	0.4213607106795796	0.9771243850650264
23.38	0.6185466102175103	0.3597404867822031	0.9782870969997135
23.4	0.6674598753770868	0.3122996425064447	0.9797595178835315
23.42	0.7059884001011407	0.2753217772224229	0.9813101773235636
23.44	0.7372200944318192	0.2456308052538198	0.9828508996856391
23.46	0.7632091024450678	0.22114004158508382	0.9843491440301516
23.48	0.785297015933651	0.200496305662759	0.98579332159641
23.5	0.8043841685833554	0.18279585213750987	0.9871800207208652
23.52	0.8210960817460239	0.16741302183367007	0.988509103579694
23.54	0.8358831622514314	0.15389862674648416	0.9897817889979156
23.56	0.8490800084922222	0.14191982342091905	0.9909998319131412
23.58	0.8609414147233311	0.13122371558202917	0.9921651303053602
23.6	0.8716657360783963	0.12161382652196719	0.9932795626003634
23.62	0.8814105534681559	0.1129343796734147	0.9943449331415706
23.64	0.8903031962262077	0.10505975448052506	0.9953629507067328
23.66	0.8984480166689762	0.0978872056137768	0.9963352222827531
23.68	0.9059316182307682	0.09133164001319574	0.9972632582439639
23.7	0.9128266971751905	0.08532178577312532	0.9981484829483158
23.72	0.9191948998093495	0.07979734634153486	0.9989922461508844
23.74	0.9250889758416405	0.07470685766151004	0.9997958335031506
23.76	0.9305544269157963	0.07000604895007378	1.00056047586587
23.78	0.9356307879511974	0.06565656953942485	1.0012873574906223
23.8	0.9403526361630211	0.06162498696437022	1.0019776231273914
23.82	0.9447503945569067	0.05788198955958413	1.0026323841164908
23.84	0.9488509781314951	0.05440174541310827	1.0032527235446034
23.86	0.9526783183404033	0.0511613822231914	1.0038397005635946
23.88	0.9562537923709609	0.04814056160365273	1.0043943539746136
23.9	0.9595965773024274	0.04532112787288667	1.004917705175314
23.92	0.9627239444419406	0.04268681611550134	1.005410760557442
23.94	0.9656515056165093	0.04022300781479265	1.0058745134313019
23.96	0.9683934205766139	0.03791652496663698	1.006309945543251
23.98	0.9709625726831106	0.03575545555948708	1.0067180282425976
24.0	0.9733707185551287	0.033729004792135024	1.0070997233472636
24.02	0.9756286161986559	0.03182736755121538	1.0074559837498713
24.04	0.977746135232364	0.030041618567457108	1.007787753799821
24.06	0.9797323521585614	0.028363617335284926	1.0080959694938463
24.08	0.9815956330433232	0.026785925457387904	1.0083815585007112
24.1	0.9833437055682365	0.025301734476436733	1.0086454400446732
24.12	0.9849837220481031	0.02390480261962835	1.0088885246677315
24.14	0.9865223147476572	0.022589399141675705	1.0091117138893329
24.16	0.9879656445945959	0.02135025518471319	1.009315899779309
24.18	0.9893194442136999	0.020182520244937073	1.009501964458637
24.2	0.9905890560507077	0.019081723489875413	1.009670779540583
24.22	0.9917794662413566	0.01804373928265208	1.0098232055240086
24.24	0.9928953347723556	0.01706475637658133	1.0099600911489368
24.26	0.9939410224064099	0.016141250317645666	1.0100822727240555
24.28	0.9949206147658468	0.015269958668416881	1.0101905734342638
24.3	0.9958379439205226	0.014447858715846296	1.0102858026363688
24.32	0.9966966077701961	0.013672147379391575	1.0103687551495877
24.34	0.9974999874756154	0.012940223071740004	1.0104402105473553
24.36	0.9982512631562246	0.012249669299871648	1.0105009324560963
24.38	0.9989534280446851	0.01159823982142203	1.010551667866107
24.4	0.9996093012627614	0.010983845196389844	1.0105931464591513
24.42	1.0002215393633147	0.010404540593565402	1.01062607995688
24.44	1.0007926467644515	0.009858514729112824	1.0106511614935643
24.46	1.0013249851871349	0.009344079829177869	1.0106690650163128
24.48	1.001820782195067	0.008859662520293294	1.0106804447153603
24.5	1.0022821389228775	0.008403795563683756	1.0106859344865613
24.52	1.0027110370705683	0.007975110357213133	1.0106861474277815
24.54	1.0031093452328983	0.007572330137561246	1.0106816753704595
24.56	1.0034788246255035	0.0071942638216417444	1.0106730884471453
24.58	1.0038211342625774	0.00683980043282479	1.010660934695402
24.6	1.0041378356365287	0.006507904061599219	1.0106457396981279
24.62	1.0044303969442265	0.006197609315631312	1.0106280062598578
24.64	1.0047001968996798	0.005908017218665436	1.0106082141183452
24.66	1.004948528171445	0.005638291518937375	1.0105868196903824
24.68	1.0051766004764433	0.0053876553739781435	1.0105642558504215
24.7	1.0053855433613437	0.0051553883790205375	1.0105409317403642
24.72	1.0055764086988348	0.004940823909824018	1.0105172326086589
24.74	1.005750172923488	0.004743346753066265	1.010493519676554
24.76	1.005907739029954	0.004562390999281729	1.0104701300292358
24.78	1.006049938354338	0.004397438175152964	1.010447376529491
24.8	1.0061775321564663	0.004248015594859995	1.0104255477513264
24.82	1.0062912130207098	0.004113694910361238	1.010404907931071
24.84	1.0063916060897329	0.003994090843634316	1.010385696933367
24.86	1.0064792701448066	0.003888860084757804	1.0103681302295644
24.88	1.0065546985445961	0.0037977003415039824	1.0103523988861
24.9	1.0066183200328318	0.003720349527652553	1.0103386695604843
24.92	1.0066704994241464	0.003656585078752948	1.0103270845028993
24.94	1.006711538175612	0.003606223385583847	1.0103177615611958
24.96	1.006741674850948	0.003569119336890656	1.0103107941878386
24.98	1.0067610854825455	0.003545165964584354	1.01030625144713
25.0	1.0067698838354533	0.0035342941860594173	1.0103041780215127
25.02	1.006768121576836	0.0035364726393610543	1.010304594216197
25.04	1.006755788352514	0.0035517076088190614	1.010307495961333
25.06	1.0067328117715677	0.003580043039991364	1.010312854811559
25.08	1.006699057298999	0.0036215606439553728	1.0103206179429542
25.1	1.006654328055075	0.00367638009277722	1.0103307081478523
25.12	1.006598364518843	0.003744659309166781	1.0103430238280098
25.14	1.0065308441326435	0.003826594854755804	1.0103574389873993
25.16	1.0064513808026514	0.003922422423067604	1.010373803225719
25.18	1.0063595242900207	0.004032417444282988	1.0103919417343037
25.2	1.0062547594852471	0.004156895810968909	1.0104116552962161
25.22	1.006136505557818	0.004296214734701419	1.0104327202925194
25.24	1.0060041149714327	0.004450773745548064	1.0104548887169809
25.26	1.0058568723537944	0.004621015847753892	1.0104778882015484
25.28	1.0056939932086668	0.004807428846375512	1.0105014220550423
25.3	1.0055146224562541	0.0050105468613635094	1.0105251693176176
25.32	1.0053178327863257	0.005230952047189433	1.010548784833515
25.34	1.0051026228066313	0.0054692765380323066	1.0105718993446635
25.36	1.0048679149677582	0.005726204639816573	1.0105941196075747
25.38	1.0046125532428274	0.00600247529308363	1.010615028535911
25.4	1.0043353005390974	0.0062988848318771325	1.0106341853709746
25.42	1.0040348358152213	0.006616290066884962	1.0106511258821063
25.44	1.0037097508763018	0.00695561172253341	1.010665362598835
25.46	1.0033585468151804	0.007317838261208572	1.010676385076389
25.48	1.0029796300656284	0.007704030130130787	1.0106836601957592
25.5	1.0025713080295995	0.00811532446975739	1.0106866324993569
25.52	1.0021317842364972	0.008552940326342382	1.0106847245628396
25.54	1.0016591529881145	0.009018184415245082	1.0106773374033595
25.56	1.0011513934373995	0.009512457486709008	1.0106638509241084
25.58	1.0006063630444841	0.010037261350136653	1.0106436243946209
25.6	1.0000217903447586	0.010594206621075285	1.010615996965834
25.62	0.999395266959326	0.011185021259264618	1.0105802882185906
25.64	0.9987242387651117	0.011811559978529878	1.0105357987436416
25.66	0.9980059961361856	0.012475814614734099	1.0104818107509197
25.68	0.9972376631524225	0.013179925552848842	1.0104175887052713
25.7	0.9964161856608349	0.013926194324603224	1.010342379985438
25.72	0.9955383180562949	0.014717097506235047	1.0102554155625298
25.74	0.9946006086306977	0.015555302062986113	1.0101559106936837
25.76	0.9935993833196142	0.016443682306637206	1.0100430656262513
25.78	0.9925307276447961	0.017385338662279554	1.0099160663070756
25.8	0.9913904666255562	0.018383618465414114	1.0097740850909702
25.82	0.990174142392599	0.01944213904931999	1.009616281441919
25.84	0.9888769891958553	0.020564813423876206	1.0094418026197316
25.86	0.987493905445956	0.02175587889815727	1.0092497843441133
25.88	0.9860194223724317	0.023019929055253747	1.0090393514276854
25.9	0.9844476687973316	0.024361949570425652	1.0088096183677573
25.92	0.9827723314517609	0.02578735843499775	1.0085596898867586
25.94	0.9809866101358848	0.027302051272821735	1.0082886614087065
25.96	0.9790831669128331	0.028912452546245013	1.0079956194590782
25.98	0.9770540683537126	0.030625573619084606	1.0076796419727971
26.0	0.9748907196592862	0.03244907883405389	1.00733979849334
26.02	0.9725837892573415	0.03439136098754905	1.0069751502448905
26.04	0.9701231221501514	0.036461627904564364	1.0065847500547158
26.06	0.967497639942058	0.038670002160023566	1.0061676421020815
26.08	0.9646952249909422	0.0410276364740321	1.0057228614649742
26.1	0.9617025855360593	0.04354684789548502	1.0052494334315443
26.12	0.9585050979098655	0.04624127462910158	1.0047463725389671
26.14	0.9550866209541052	0.04912606034092216	1.0042126812950274
26.16	0.9514292765153975	0.0522180720161231	1.0036473485315207
26.18	0.9475131882381409	0.0555361590911886	1.0030493473293296
26.2	0.9433161687085911	0.059101463737327664	1.0024176324459189
26.22	0.9388133421114587	0.06293779505379171	1.0017511371652503
26.24	0.9339766856704491	0.06707208380870083	1.00104876947915
26.26	0.9287744678824361	0.07153493961884663	1.0003094075012828
26.28	0.9231705543426805	0.07636133967044897	0.9995318940131295
26.3	0.9171235419017607	0.08159148814845513	0.9987150300502159
26.32	0.9105856675134368	0.08727189994195333	0.9978575674553902
26.34	0.9035014166273694	0.09345678369977506	0.9969582003271444
26.36	0.895805723188882	0.1002098320695433	0.9960155552584252
26.38	0.8874216049178468	0.10760657542026228	0.9950281803381091
26.4	0.8782570124395672	0.11573752122130378	0.993994533660871
26.42	0.868200584537219	0.1247123897654359	0.9929129743026549
26.44	0.857115841522037	0.13466591946184184	0.9917817609838788
26.46	0.8448329737324317	0.14576608795376136	0.990599061686193
26.48	0.8311367769613361	0.1582262018830893	0.9893629788444255
26.5	0.8157488144014003	0.1723228176478187	0.9880716320492191
26.52	0.7983008396770084	0.1884225551081332	0.9867233947851416
26.54	0.7782922924459345	0.2070250913568906	0.9853173838028251
26.56	0.7550193702251909	0.22883514391966958	0.9838545141448605
26.58	0.727457465437335	0.25488268396207536	0.9823401493994104
26.6	0.6940636605349946	0.2867271557809874	0.980790816315982
26.62	0.6524650693341334	0.32678679943500843	0.9792518687691418
26.64	0.5992479907970122	0.3785982499765796	0.9778462407735917
26.66	0.5316366636083559	0.4452436820609229	0.9768803456692788
26.68	0.4555217785967757	0.5213023013429398	0.9768240799397154
26.7	0.3871276704962394	0.5905942573930605	0.9777219278892999
26.72	0.333666791336649	0.645447650006041	0.97911444134269
26.74	0.292511271811314	0.6881519356546438	0.9806632074659578
26.76	0.25998978513127385	0.7222389617536957	0.9822287468849695
26.78	0.23353505622557233	0.7502247378607673	0.9837597940863396
26.8	0.21149221399071866	0.7737456377310095	0.9852378517217282
26.82	0.1927744537869708	0.7938824840331791	0.9866569378201498
26.84	0.17664255188016578	0.8113734547363293	0.988016006616495
26.86	0.1625749980783424	0.8267409961915639	0.9893159942699064
26.88	0.15019120451111298	0.8403674149471516	0.9905586194582646
26.9	0.1392054353880625	0.8525404149478834	0.9917458503359459
26.92	0.12939816444744934	0.8634814901847838	0.9928796546322332
26.94	0.12059722176204227	0.8733646815900982	0.9939619033521404
26.96	0.1126650790154651	0.8823292624394574	0.9949943414549225
26.98	0.10549017323770778	0.8904884071666235	0.9959785804043313
27.0	0.09898081839135575	0.8979352825304563	0.996916100921812
27.02	0.09306079941774834	0.9047474627160876	0.997808262133836
27.04	0.08766611742630076	0.9109901958578106	0.9986563132841113
27.06	0.08274255108174773	0.9167188542564983	0.9994614053382461
27.08	0.07824380472443684	0.9219807966787216	1.0002246014031584
27.1	0.07413008225329858	0.9268168035061873	1.0009468857594859
27.12	0.07036697408438934	0.9312621974989514	1.0016291715833407
27.14	0.06692457802490442	0.9353477294541521	1.0022723074790565
27.16	0.06377679763505838	0.9391002853106353	1.0028770829456937
27.18	0.06090077707886366	0.9425434558221006	1.0034442329009643
27.2	0.0582764421881231	0.9456979991952854	1.0039744413834084
27.22	0.055886125051309514	0.9485822194972586	1.004468344548568
27.24	0.05371425493770236	0.951212278127483	1.0049265330651853
27.26	0.051747102409750306	0.9536024515961966	1.005349554005947
27.28	0.04997256647089749	0.9557653458452575	1.005737912316155
27.3	0.04837999684945341	0.9577120750834618	1.0060920719329152
27.32	0.04696004522738887	0.9594524113904819	1.0064124566178707
27.34	0.04570454053321274	0.9609949100244963	1.0066994505577092
27.36	0.044606384420225555	0.9623470143598943	1.0069533987801198
27.38	0.043659463857591556	0.9635151435673042	1.0071746074248957
27.4	0.04285857836876299	0.9645047655368851	1.0073633439056482
27.42	0.042199379961555816	0.9653204570298886	1.0075198369914444
27.44	0.041678324195156935	0.9659659526380525	1.0076442768332095
27.46	0.04129263115486176	0.9664441838011114	1.0077368149559731
27.48	0.041040255392526204	0.9667573088406811	1.0077975642332073
27.5	0.040919864108100445	0.9669067347491558	1.0078265988572563
27.52	0.0409308230785619	0.966893131235775	1.007823954314337
27.54	0.04107318999447264	0.9667164373771885	1.0077896273716611
27.56	0.041347715068001806	0.966375861010411	1.0077235760784127
27.58	0.04175584891371743	0.9658698708675827	1.0076257197813
27.6	0.0422997578887869	0.9651961812618516	1.0074959391506384
27.62	0.04298234724554913	0.9643517289645596	1.0073340762101086
27.64	0.043807292632016936	0.963332641728507	1.0071399343605238
27.66	0.04477908070032124	0.9621341976826626	1.006913278382984
27.68	0.04590305980414278	0.9607507746008191	1.006653834404962
27.7	0.047185502070546614	0.9591757877365351	1.0063612898070817
27.72	0.04863367845848633	0.9574016145868964	1.0060352930453829
27.74	0.05025594884003619	0.9554195045184619	1.0056754533584982
27.76	0.05206186965877518	0.9532194706651546	1.0052813403239298
27.78	0.0540623223626389	0.9507901608594941	1.004852483222133
27.8	0.05626966663912456	0.9481187035207241	1.0043883701598486
27.82	0.05869792352847318	0.945190523368597	1.0038884468970701
27.84	0.06136299486217886	0.9419891204508709	1.0033521153130498
27.86	0.06428292725840623	0.9384958041786189	1.0027787314370251
27.88	0.0674782312665527	0.9346893716921568	1.0021676029587094
27.9	0.07097226940119447	0.9305457167207908	1.0015179861219852
27.92	0.07479173104866535	0.9260373508460071	1.0008290818946726
27.94	0.07896721802938639	0.9211328132682821	1.0001000312976684
27.96	0.08353397262746351	0.9157959371446546	0.9993299097721181
27.98	0.0885327912933609	0.9099849291664057	0.9985177204597666
28.0	0.09401118376466362	0.9036512025013091	0.9976623862659728
28.02	0.10002486169191428	0.8967378788820304	0.9967627405739447
28.04	0.10663967645311971	0.8891778401008721	0.9958175165539918
28.06	0.11393417615922424	0.8808911592583004	0.9948253354175247
28.08	0.12200302325964923	0.8717816717994541	0.9937846950591034
28.1	0.1309616313451839	0.8617323306976088	0.9926939620427927
28.12	0.14095261081836946	0.8505987593140447	0.9915513701324141
28.14	0.1521550262674058	0.8382000023919366	0.9903550286593423
28.16	0.16479797656116796	0.8243049817619266	0.9891029583230946
28.18	0.1791806688869957	0.8086125423593846	0.9877932112463803
28.2	0.19570327170026605	0.7907208854272564	0.9864241571275224
28.22	0.2149172939277646	0.7700777803117926	0.9849950742395572
28.24	0.23760939108831092	0.7458981475962493	0.9835075386845602
28.26	0.26494229191706786	0.7170266251545121	0.98196891707158
28.28	0.2986963380558341	0.6817048683908974	0.9804012064467316
28.3	0.34162692616279183	0.637238137460262	0.9788650636230538
28.32	0.39751682070182986	0.5800077310264217	0.9775245517282516
28.34	0.4681241141979526	0.5086342590875716	0.9767583732855243
28.36	0.5438680260055897	0.4331223152550263	0.976990341260616
28.38	0.6091033187248907	0.36895853644033133	0.978061855165222
28.4	0.6601153006520744	0.3193891393402601	0.9795044399923345
28.42	0.700133378860343	0.28091722460231505	0.981050603462658
28.44	0.7324153576250511	0.25018075737952766	0.9825961150045788
28.46	0.7591708598413415	0.22493173076494163	0.9841025906062831
28.48	0.7818380722470899	0.20371809671808508	0.985556168965175
28.5	0.8013769039890861	0.18557563098260937	0.9869525349716954
28.52	0.8184503378443689	0.16984084438305716	0.9882911822274261
28.54	0.8335329839065557	0.15604018995133795	0.9895731738578937
28.56	0.8469758016094815	0.14382440829893986	0.9908002099084213
28.58	0.8590450643332905	0.13292911790376877	0.9919741822370594
28.6	0.8699473096952889	0.12314966935541688	0.9930969790507058
28.62	0.8798460832649859	0.11432433586219469	0.9941704191271806
28.64	0.8888731885930939	0.10632303934640103	0.995196227939495
28.66	0.8971364059611951	0.09903962343052136	0.9961760293917166
28.68	0.9047250038780851	0.09238634549572473	0.9971113493738099
28.7	0.9117137790604636	0.08628984674429885	0.9980036258047624
28.72	0.9181660563230731	0.0806881637924786	0.9988542201155517
28.74	0.9241359440533634	0.07552848391157914	0.9996644279649426
28.76	0.9296700561363517	0.07076543261909587	1.0004354887554476
28.78	0.9348088470082238	0.0663597469886561	1.00116859399688
28.8	0.939587660822242	0.06227723376394193	1.0018648945861839
28.82	0.944037565454893	0.0584879416070925	1.0025255070619856
28.84	0.9481860221923463	0.054965496717008566	1.003151518909355
28.86	0.9520574284593125	0.05168656455168337	1.003743993010996
28.88	0.9556735614413563	0.04863040990557598	1.0043039713469322
28.9	0.9590539436094525	0.04577853443218571	1.0048324780416382
28.92	0.9622161461417276	0.04311437570610479	1.0053305218478323
28.94	0.9651760425399913	0.04062305560520467	1.005799098145196
28.96	0.9679480219792088	0.03829116854235562	1.0062391905215644
28.98	0.9705451698592974	0.036106602135534016	1.0066517719948314
29.0	0.9729794214634265	0.034058384462692326	1.007037805926119
29.02	0.9752616933992009	0.03213655326691864	1.0073982466661195
29.04	0.9774019966005573	0.030332043372300416	1.0077340399728576
29.06	0.9794095339115062	0.02863658932035596	1.0080461232318623
29.08	0.9812927847247261	0.027042640782287894	1.008335425507014
29.1	0.983059578687796	0.025543288758296763	1.0086028674460927
29.12	0.9847171601290108	0.02413220093283701	1.0088493610618479
29.14	0.986272244578563	0.022803564829161266	1.0090758094077243
29.16	0.9877310685161449	0.02155203764815953	1.0092831061643044
29.18	0.9890994332937575	0.020372701857270827	1.0094721351510283
29.2	0.9903827440326441	0.019261025743944123	1.0096437697765883
29.22	0.9915860441614285	0.01821282827800425	1.0097988724394327
29.24	0.9927140461613261	0.017224247727625788	1.0099382938889518
29.26	0.9937711590018662	0.016291713555169084	1.0100628725570353
29.28	0.9947615126742949	0.015411921194169998	1.010173433868465
29.3	0.9956889801735589	0.014581809364434222	1.0102707895379932
29.32	0.9965571972313207	0.013798539630017228	1.010355736861338
29.34	0.9973695800557028	0.013059477950583353	1.010429058006286
29.36	0.9981293413054315	0.012362178004571423	1.010491519310003
29.38	0.9988395044893268	0.011704366098188545	1.0105438705875154
29.4	0.9995029169619554	0.011083927494276193	1.0105868444562316
29.42	1.0001222616622851	0.010498894018346784	1.010621155680632
29.44	1.000700067724817	0.009947432815881355	1.0106475005406983
29.46	1.0012387200762523	0.00942783615112152	1.0106665562273738
29.48	1.001740468119014	0.008938512148629646	1.0106789802676437
29.5	1.0022074335894648	0.00847797639209646	1.0106854099815612
29.52	1.0026416176693687	0.00804484430345968	1.0106864619728284
29.54	1.0030449074226633	0.007637824231828814	1.0106827316544922
29.56	1.0034190816172068	0.007255711193139567	1.0106747928103463
29.58	1.0037658159914653	0.006897381201371779	1.010663197192837
29.6	1.004086688013388	0.0065617861438886345	1.0106484741572768
29.62	1.00438318117963	0.006247949152552997	1.0106311303321829
29.64	1.004656688894677	0.005954960430374306	1.0106116493250514
29.66	1.004908517968516	0.005681973494029878	1.0105904914625459
29.68	1.0051398917654597	0.0054282017982772365	1.010568093563737
29.7	1.00535195303588	0.005192915708949612	1.0105448687448297
29.72	1.0055457664581937	0.0049754397953160065	1.0105212062535098
29.74	1.005722320916624	0.004775150414184266	1.0104974713308081
29.76	1.0058825315375393	0.004591473560711575	1.0104740050982508
29.78	1.0060272415057079	0.004423882962230062	1.010451124467938
29.8	1.0061572236785896	0.0042718983944219635	1.0104291220730115
29.82	1.0062731820163875	0.004135084199618313	1.0104082662160059
29.84	1.0063757528426815	0.004013047989850573	1.0103888008325321
29.86	1.0064655059494898	0.0039054395182886795	1.0103709454677785
29.88	1.0065429455589439	0.0038119497044388113	1.0103548952633827
29.9	1.0066085111521548	0.0037323098001632287	1.010340820952318
29.92	1.0066625781748324	0.0036662906848195526	1.010328868859652
29.94	1.0067054586273774	0.0036137022797846103	1.010319160907162
29.96	1.0067374015466675	0.003574393073371958	1.0103117946200395
29.98	1.0067585933846686	0.003548249749452041	1.0103068431341207
30.0	1.0067691582887937	0.003535196913704969	1.0103043552024986
